0.100000
0.101250
0.102500
0.103750
0.105000
0.106250
0.107500
0.108750
0.110000
0.111250
0.112500
0.113750
0.115000
0.116250
0.117500
0.118750
0.120000
0.121250
0.122500
0.123750
0.125000
0.126250
0.127500
0.128750
0.130000
0.131250
0.132500
0.133750
0.135000
0.136250
0.137500
0.138750
0.140000
0.141250
0.142500
0.143750
0.145000
0.146250
0.147500
0.148750
0.150000
0.151250
0.152500
0.153750
0.155000
0.156250
0.157500
0.158750
0.160000
0.161250
0.162500
0.163750
0.165000
0.166250
0.167500
0.168750
0.170000
0.171250
0.172500
0.173750
0.175000
0.176250
0.177500
0.178750
0.180000
0.181250
0.182500
0.183750
0.185000
0.186250
0.187500
0.188750
0.190000
0.191250
0.192500
0.193750
0.195000
0.196250
0.197500
0.198750
0.200000
0.201250
0.202500
0.203750
0.205000
0.206250
0.207500
0.208750
0.210000
0.211250
0.212500
0.213750
0.215000
0.216250
0.217500
0.218750
0.220000
0.221250
0.222500
0.223750
0.225000
0.226250
0.227500
0.228750
0.230000
0.231250
0.232500
0.233750
0.235000
0.236250
0.237500
0.238750
0.240000
0.241250
0.242500
0.243750
0.245000
0.246250
0.247500
0.248750
0.250000
0.251250
0.252500
0.253750
0.255000
0.256250
0.257500
0.258750
0.260000
0.261250
0.262500
0.263750
0.265000
0.266250
0.267500
0.268750
0.270000
0.271250
0.272500
0.273750
0.275000
0.276250
0.277500
0.278750
0.280000
0.281250
0.282500
0.283750
0.285000
0.286250
0.287500
0.288750
0.290000
0.291250
0.292500
0.293750
0.295000
0.296250
0.297500
0.298750
0.300000
0.301250
0.302500
0.303750
0.305000
0.306250
0.307500
0.308750
0.310000
0.311250
0.312500
0.313750
0.315000
0.316250
0.317500
0.318750
0.320000
0.321250
0.322500
0.323750
0.325000
0.326250
0.327500
0.328750
0.330000
0.331250
0.332500
0.333750
0.335000
0.336250
0.337500
0.338750
0.340000
0.341250
0.342500
0.343750
0.345000
0.346250
0.347500
0.348750
0.350000
0.351250
0.352500
0.353750
0.355000
0.356250
0.357500
0.358750
0.360000
0.361250
0.362500
0.363750
0.365000
0.366250
0.367500
0.368750
0.370000
0.371250
0.372500
0.373750
0.375000
0.376250
0.377500
0.378750
0.380000
0.381250
0.382500
0.383750
0.385000
0.386250
0.387500
0.388750
0.390000
0.391250
0.392500
0.393750
0.395000
0.396250
0.397500
0.398750
0.400000
0.401250
0.402500
0.403750
0.405000
0.406250
0.407500
0.408750
0.410000
0.411250
0.412500
0.413750
0.415000
0.416250
0.417500
0.418750
0.420000
0.421250
0.422500
0.423750
0.425000
0.426250
0.427500
0.428750
0.430000
0.431250
0.432500
0.433750
0.435000
0.436250
0.437500
0.438750
0.440000
0.441250
0.442500
0.443750
0.445000
0.446250
0.447500
0.448750
0.450000
0.451250
0.452500
0.453750
0.455000
0.456250
0.457500
0.458750
0.460000
0.461250
0.462500
0.463750
0.465000
0.466250
0.467500
0.468750
0.470000
0.471250
0.472500
0.473750
0.475000
0.476250
0.477500
0.478750
0.480000
0.481250
0.482500
0.483750
0.485000
0.486250
0.487500
0.488750
0.490000
0.491250
0.492500
0.493750
0.495000
0.496250
0.497500
0.498750
0.500000
0.501250
0.502500
0.503750
0.505000
0.506250
0.507500
0.508750
0.510000
0.511250
0.512500
0.513750
0.515000
0.516250
0.517500
0.518750
0.520000
0.521250
0.522500
0.523750
0.525000
0.526250
0.527500
0.528750
0.530000
0.531250
0.532500
0.533750
0.535000
0.536250
0.537500
0.538750
0.540000
0.541250
0.542500
0.543750
0.545000
0.546250
0.547500
0.548750
0.550000
0.551250
0.552500
0.553750
0.555000
0.556250
0.557500
0.558750
0.560000
0.561250
0.562500
0.563750
0.565000
0.566250
0.567500
0.568750
0.570000
0.571250
0.572500
0.573750
0.575000
0.576250
0.577500
0.578750
0.580000
0.581250
0.582500
0.583750
0.585000
0.586250
0.587500
0.588750
0.590000
0.591250
0.592500
0.593750
0.595000
0.596250
0.597500
0.598750
0.600000
0.601250
0.602500
0.603750
0.605000
0.606250
0.607500
0.608750
0.610000
0.611250
0.612500
0.613750
0.615000
0.616250
0.617500
0.618750
0.620000
0.621250
0.622500
0.623750
0.625000
0.626250
0.627500
0.628750
0.630000
0.631250
0.632500
0.633750
0.635000
0.636250
0.637500
0.638750
0.640000
0.641250
0.642500
0.643750
0.645000
0.646250
0.647500
0.648750
0.650000
0.651250
0.652500
0.653750
0.655000
0.656250
0.657500
0.658750
0.660000
0.661250
0.662500
0.663750
0.665000
0.666250
0.667500
0.668750
0.670000
0.671250
0.672500
0.673750
0.675000
0.676250
0.677500
0.678750
0.680000
0.681250
0.682500
0.683750
0.685000
0.686250
0.687500
0.688750
0.690000
0.691250
0.692500
0.693750
0.695000
0.696250
0.697500
0.698750
0.700000
0.701250
0.702500
0.703750
0.705000
0.706250
0.707500
0.708750
0.710000
0.711250
0.712500
0.713750
0.715000
0.716250
0.717500
0.718750
0.720000
0.721250
0.722500
0.723750
0.725000
0.726250
0.727500
0.728750
0.730000
0.731250
0.732500
0.733750
0.735000
0.736250
0.737500
0.738750
0.740000
0.741250
0.742500
0.743750
0.745000
0.746250
0.747500
0.748750
0.750000
0.751250
0.752500
0.753750
0.755000
0.756250
0.757500
0.758750
0.760000
0.761250
0.762500
0.763750
0.765000
0.766250
0.767500
0.768750
0.770000
0.771250
0.772500
0.773750
0.775000
0.776250
0.777500
0.778750
0.780000
0.781250
0.782500
0.783750
0.785000
0.786250
0.787500
0.788750
0.790000
0.791250
0.792500
0.793750
0.795000
0.796250
0.797500
0.798750
0.800000
0.801250
0.802500
0.803750
0.805000
0.806250
0.807500
0.808750
0.810000
0.811250
0.812500
0.813750
0.815000
0.816250
0.817500
0.818750
0.820000
0.821250
0.822500
0.823750
0.825000
0.826250
0.827500
0.828750
0.830000
0.831250
0.832500
0.833750
0.835000
0.836250
0.837500
0.838750
0.840000
0.841250
0.842500
0.843750
0.845000
0.846250
0.847500
0.848750
0.850000
0.851250
0.852500
0.853750
0.855000
0.856250
0.857500
0.858750
0.860000
0.861250
0.862500
0.863750
0.865000
0.866250
0.867500
0.868750
0.870000
0.871250
0.872500
0.873750
0.875000
0.876250
0.877500
0.878750
0.880000
0.881250
0.882500
0.883750
0.885000
0.886250
0.887500
0.888750
0.890000
0.891250
0.892500
0.893750
0.895000
0.896250
0.897500
0.898750
0.900000
0.901250
0.902500
0.903750
0.905000
0.906250
0.907500
0.908750
0.910000
0.911250
0.912500
0.913750
0.915000
0.916250
0.917500
0.918750
0.920000
0.921250
0.922500
0.923750
0.925000
0.926250
0.927500
0.928750
0.930000
0.931250
0.932500
0.933750
0.935000
0.936250
0.937500
0.938750
0.940000
0.941250
0.942500
0.943750
0.945000
0.946250
0.947500
0.948750
0.950000
0.951250
0.952500
0.953750
0.955000
0.956250
0.957500
0.958750
0.960000
0.961250
0.962500
0.963750
0.965000
0.966250
0.967500
0.968750
0.970000
0.971250
0.972500
0.973750
0.975000
0.976250
0.977500
0.978750
0.980000
0.981250
0.982500
0.983750
0.985000
0.986250
0.987500
0.988750
0.990000
0.991250
0.992500
0.993750
0.995000
0.996250
0.997500
0.998750
1.000000
1.001250
1.002500
1.003750
1.005000
1.006250
1.007500
1.008750
1.010000
1.011250
1.012500
1.013750
1.015000
1.016250
1.017500
1.018750
1.020000
1.021250
1.022500
1.023750
1.025000
1.026250
1.027500
1.028750
1.030000
1.031250
1.032500
1.033750
1.035000
1.036250
1.037500
1.038750
1.040000
1.041250
1.042500
1.043750
1.045000
1.046250
1.047500
1.048750
1.050000
1.051250
1.052500
1.053750
1.055000
1.056250
1.057500
1.058750
1.060000
1.061250
1.062500
1.063750
1.065000
1.066250
1.067500
1.068750
1.070000
1.071250
1.072500
1.073750
1.075000
1.076250
1.077500
1.078750
1.080000
1.081250
1.082500
1.083750
1.085000
1.086250
1.087500
1.088750
1.090000
1.091250
1.092500
1.093750
1.095000
1.096250
1.097500
1.098750
1.100000
1.101250
1.102500
1.103750
1.105000
1.106250
1.107500
1.108750
1.110000
1.111250
1.112500
1.113750
1.115000
1.116250
1.117500
1.118750
1.120000
1.121250
1.122500
1.123750
1.125000
1.126250
1.127500
1.128750
1.130000
1.131250
1.132500
1.133750
1.135000
1.136250
1.137500
1.138750
1.140000
1.141250
1.142500
1.143750
1.145000
1.146250
1.147500
1.148750
1.150000
1.151250
1.152500
1.153750
1.155000
1.156250
1.157500
1.158750
1.160000
1.161250
1.162500
1.163750
1.165000
1.166250
1.167500
1.168750
1.170000
1.171250
1.172500
1.173750
1.175000
1.176250
1.177500
1.178750
1.180000
1.181250
1.182500
1.183750
1.185000
1.186250
1.187500
1.188750
1.190000
1.191250
1.192500
1.193750
1.195000
1.196250
1.197500
1.198750
1.200000
1.201250
1.202500
1.203750
1.205000
1.206250
1.207500
1.208750
1.210000
1.211250
1.212500
1.213750
1.215000
1.216250
1.217500
1.218750
1.220000
1.221250
1.222500
1.223750
1.225000
1.226250
1.227500
1.228750
1.230000
1.231250
1.232500
1.233750
1.235000
1.236250
1.237500
1.238750
1.240000
1.241250
1.242500
1.243750
1.245000
1.246250
1.247500
1.248750
1.250000
1.251250
1.252500
1.253750
1.255000
1.256250
1.257500
1.258750
1.260000
1.261250
1.262500
1.263750
1.265000
1.266250
1.267500
1.268750
1.270000
1.271250
1.272500
1.273750
1.275000
1.276250
1.277500
1.278750
1.280000
1.281250
1.282500
1.283750
1.285000
1.286250
1.287500
1.288750
1.290000
1.291250
1.292500
1.293750
1.295000
1.296250
1.297500
1.298750
1.300000
1.301250
1.302500
1.303750
1.305000
1.306250
1.307500
1.308750
1.310000
1.311250
1.312500
1.313750
1.315000
1.316250
1.317500
1.318750
1.320000
1.321250
1.322500
1.323750
1.325000
1.326250
1.327500
1.328750
1.330000
1.331250
1.332500
1.333750
1.335000
1.336250
1.337500
1.338750
1.340000
1.341250
1.342500
1.343750
1.345000
1.346250
1.347500
1.348750
1.350000
1.351250
1.352500
1.353750
1.355000
1.356250
1.357500
1.358750
1.360000
1.361250
1.362500
1.363750
1.365000
1.366250
1.367500
1.368750
1.370000
1.371250
1.372500
1.373750
1.375000
1.376250
1.377500
1.378750
1.380000
1.381250
1.382500
1.383750
1.385000
1.386250
1.387500
1.388750
1.390000
1.391250
1.392500
1.393750
1.395000
1.396250
1.397500
1.398750
1.400000
1.401250
1.402500
1.403750
1.405000
1.406250
1.407500
1.408750
1.410000
1.411250
1.412500
1.413750
1.415000
1.416250
1.417500
1.418750
1.420000
1.421250
1.422500
1.423750
1.425000
1.426250
1.427500
1.428750
1.430000
1.431250
1.432500
1.433750
1.435000
1.436250
1.437500
1.438750
1.440000
1.441250
1.442500
1.443750
1.445000
1.446250
1.447500
1.448750
1.450000
1.451250
1.452500
1.453750
1.455000
1.456250
1.457500
1.458750
1.460000
1.461250
1.462500
1.463750
1.465000
1.466250
1.467500
1.468750
1.470000
1.471250
1.472500
1.473750
1.475000
1.476250
1.477500
1.478750
1.480000
1.481250
1.482500
1.483750
1.485000
1.486250
1.487500
1.488750
1.490000
1.491250
1.492500
1.493750
1.495000
1.496250
1.497500
1.498750
1.500000
1.501250
1.502500
1.503750
1.505000
1.506250
1.507500
1.508750
1.510000
1.511250
1.512500
1.513750
1.515000
1.516250
1.517500
1.518750
1.520000
1.521250
1.522500
1.523750
1.525000
1.526250
1.527500
1.528750
1.530000
1.531250
1.532500
1.533750
1.535000
1.536250
1.537500
1.538750
1.540000
1.541250
1.542500
1.543750
1.545000
1.546250
1.547500
1.548750
1.550000
1.551250
1.552500
1.553750
1.555000
1.556250
1.557500
1.558750
1.560000
1.561250
1.562500
1.563750
1.565000
1.566250
1.567500
1.568750
1.570000
1.571250
1.572500
1.573750
1.575000
1.576250
1.577500
1.578750
1.580000
1.581250
1.582500
1.583750
1.585000
1.586250
1.587500
1.588750
1.590000
1.591250
1.592500
1.593750
1.595000
1.596250
1.597500
1.598750
1.600000
1.601250
1.602500
1.603750
1.605000
1.606250
1.607500
1.608750
1.610000
1.611250
1.612500
1.613750
1.615000
1.616250
1.617500
1.618750
1.620000
1.621250
1.622500
1.623750
1.625000
1.626250
1.627500
1.628750
1.630000
1.631250
1.632500
1.633750
1.635000
1.636250
1.637500
1.638750
1.640000
1.641250
1.642500
1.643750
1.645000
1.646250
1.647500
1.648750
1.650000
1.651250
1.652500
1.653750
1.655000
1.656250
1.657500
1.658750
1.660000
1.661250
1.662500
1.663750
1.665000
1.666250
1.667500
1.668750
1.670000
1.671250
1.672500
1.673750
1.675000
1.676250
1.677500
1.678750
1.680000
1.681250
1.682500
1.683750
1.685000
1.686250
1.687500
1.688750
1.690000
1.691250
1.692500
1.693750
1.695000
1.696250
1.697500
1.698750
1.700000
1.701250
1.702500
1.703750
1.705000
1.706250
1.707500
1.708750
1.710000
1.711250
1.712500
1.713750
1.715000
1.716250
1.717500
1.718750
1.720000
1.721250
1.722500
1.723750
1.725000
1.726250
1.727500
1.728750
1.730000
1.731250
1.732500
1.733750
1.735000
1.736250
1.737500
1.738750
1.740000
1.741250
1.742500
1.743750
1.745000
1.746250
1.747500
1.748750
1.750000
1.751250
1.752500
1.753750
1.755000
1.756250
1.757500
1.758750
1.760000
1.761250
1.762500
1.763750
1.765000
1.766250
1.767500
1.768750
1.770000
1.771250
1.772500
1.773750
1.775000
1.776250
1.777500
1.778750
1.780000
1.781250
1.782500
1.783750
1.785000
1.786250
1.787500
1.788750
1.790000
1.791250
1.792500
1.793750
1.795000
1.796250
1.797500
1.798750
1.800000
1.801250
1.802500
1.803750
1.805000
1.806250
1.807500
1.808750
1.810000
1.811250
1.812500
1.813750
1.815000
1.816250
1.817500
1.818750
1.820000
1.821250
1.822500
1.823750
1.825000
1.826250
1.827500
1.828750
1.830000
1.831250
1.832500
1.833750
1.835000
1.836250
1.837500
1.838750
1.840000
1.841250
1.842500
1.843750
1.845000
1.846250
1.847500
1.848750
1.850000
1.851250
1.852500
1.853750
1.855000
1.856250
1.857500
1.858750
1.860000
1.861250
1.862500
1.863750
1.865000
1.866250
1.867500
1.868750
1.870000
1.871250
1.872500
1.873750
1.875000
1.876250
1.877500
1.878750
1.880000
1.881250
1.882500
1.883750
1.885000
1.886250
1.887500
1.888750
1.890000
1.891250
1.892500
1.893750
1.895000
1.896250
1.897500
1.898750
1.900000
1.901250
1.902500
1.903750
1.905000
1.906250
1.907500
1.908750
1.910000
1.911250
1.912500
1.913750
1.915000
1.916250
1.917500
1.918750
1.920000
1.921250
1.922500
1.923750
1.925000
1.926250
1.927500
1.928750
1.930000
1.931250
1.932500
1.933750
1.935000
1.936250
1.937500
1.938750
1.940000
1.941250
1.942500
1.943750
1.945000
1.946250
1.947500
1.948750
1.950000
1.951250
1.952500
1.953750
1.955000
1.956250
1.957500
1.958750
1.960000
1.961250
1.962500
1.963750
1.965000
1.966250
1.967500
1.968750
1.970000
1.971250
1.972500
1.973750
1.975000
1.976250
1.977500
1.978750
1.980000
1.981250
1.982500
1.983750
1.985000
1.986250
1.987500
1.988750
1.990000
1.991250
1.992500
1.993750
1.995000
1.996250
1.997500
1.998750
2.000000
2.001250
2.002500
2.003750
2.005000
2.006250
2.007500
2.008750
2.010000
2.011250
2.012500
2.013750
2.015000
2.016250
2.017500
2.018750
2.020000
2.021250
2.022500
2.023750
2.025000
2.026250
2.027500
2.028750
2.030000
2.031250
2.032500
2.033750
2.035000
2.036250
2.037500
2.038750
2.040000
2.041250
2.042500
2.043750
2.045000
2.046250
2.047500
2.048750
2.050000
2.051250
2.052500
2.053750
2.055000
2.056250
2.057500
2.058750
2.060000
2.061250
2.062500
2.063750
2.065000
2.066250
2.067500
2.068750
2.070000
2.071250
2.072500
2.073750
2.075000
2.076250
2.077500
2.078750
2.080000
2.081250
2.082500
2.083750
2.085000
2.086250
2.087500
2.088750
2.090000
2.091250
2.092500
2.093750
2.095000
2.096250
2.097500
2.098750
2.100000
2.101250
2.102500
2.103750
2.105000
2.106250
2.107500
2.108750
2.110000
2.111250
2.112500
2.113750
2.115000
2.116250
2.117500
2.118750
2.120000
2.121250
2.122500
2.123750
2.125000
2.126250
2.127500
2.128750
2.130000
2.131250
2.132500
2.133750
2.135000
2.136250
2.137500
2.138750
2.140000
2.141250
2.142500
2.143750
2.145000
2.146250
2.147500
2.148750
2.150000
2.151250
2.152500
2.153750
2.155000
2.156250
2.157500
2.158750
2.160000
2.161250
2.162500
2.163750
2.165000
2.166250
2.167500
2.168750
2.170000
2.171250
2.172500
2.173750
2.175000
2.176250
2.177500
2.178750
2.180000
2.181250
2.182500
2.183750
2.185000
2.186250
2.187500
2.188750
2.190000
2.191250
2.192500
2.193750
2.195000
2.196250
2.197500
2.198750
2.200000
2.201250
2.202500
2.203750
2.205000
2.206250
2.207500
2.208750
2.210000
2.211250
2.212500
2.213750
2.215000
2.216250
2.217500
2.218750
2.220000
2.221250
2.222500
2.223750
2.225000
2.226250
2.227500
2.228750
2.230000
2.231250
2.232500
2.233750
2.235000
2.236250
2.237500
2.238750
2.240000
2.241250
2.242500
2.243750
2.245000
2.246250
2.247500
2.248750
2.250000
2.251250
2.252500
2.253750
2.255000
2.256250
2.257500
2.258750
2.260000
2.261250
2.262500
2.263750
2.265000
2.266250
2.267500
2.268750
2.270000
2.271250
2.272500
2.273750
2.275000
2.276250
2.277500
2.278750
2.280000
2.281250
2.282500
2.283750
2.285000
2.286250
2.287500
2.288750
2.290000
2.291250
2.292500
2.293750
2.295000
2.296250
2.297500
2.298750
2.300000
2.301250
2.302500
2.303750
2.305000
2.306250
2.307500
2.308750
2.310000
2.311250
2.312500
2.313750
2.315000
2.316250
2.317500
2.318750
2.320000
2.321250
2.322500
2.323750
2.325000
2.326250
2.327500
2.328750
2.330000
2.331250
2.332500
2.333750
2.335000
2.336250
2.337500
2.338750
2.340000
2.341250
2.342500
2.343750
2.345000
2.346250
2.347500
2.348750
2.350000
2.351250
2.352500
2.353750
2.355000
2.356250
2.357500
2.358750
2.360000
2.361250
2.362500
2.363750
2.365000
2.366250
2.367500
2.368750
2.370000
2.371250
2.372500
2.373750
2.375000
2.376250
2.377500
2.378750
2.380000
2.381250
2.382500
2.383750
2.385000
2.386250
2.387500
2.388750
2.390000
2.391250
2.392500
2.393750
2.395000
2.396250
2.397500
2.398750
2.400000
2.401250
2.402500
2.403750
2.405000
2.406250
2.407500
2.408750
2.410000
2.411250
2.412500
2.413750
2.415000
2.416250
2.417500
2.418750
2.420000
2.421250
2.422500
2.423750
2.425000
2.426250
2.427500
2.428750
2.430000
2.431250
2.432500
2.433750
2.435000
2.436250
2.437500
2.438750
2.440000
2.441250
2.442500
2.443750
2.445000
2.446250
2.447500
2.448750
2.450000
2.451250
2.452500
2.453750
2.455000
2.456250
2.457500
2.458750
2.460000
2.461250
2.462500
2.463750
2.465000
2.466250
2.467500
2.468750
2.470000
2.471250
2.472500
2.473750
2.475000
2.476250
2.477500
2.478750
2.480000
2.481250
2.482500
2.483750
2.485000
2.486250
2.487500
2.488750
2.490000
2.491250
2.492500
2.493750
2.495000
2.496250
2.497500
2.498750
2.500000
2.501250
2.502500
2.503750
2.505000
2.506250
2.507500
2.508750
2.510000
2.511250
2.512500
2.513750
2.515000
2.516250
2.517500
2.518750
2.520000
2.521250
2.522500
2.523750
2.525000
2.526250
2.527500
2.528750
2.530000
2.531250
2.532500
2.533750
2.535000
2.536250
2.537500
2.538750
2.540000
2.541250
2.542500
2.543750
2.545000
2.546250
2.547500
2.548750
2.550000
2.551250
2.552500
2.553750
2.555000
2.556250
2.557500
2.558750
2.560000
2.561250
2.562500
2.563750
2.565000
2.566250
2.567500
2.568750
2.570000
2.571250
2.572500
2.573750
2.575000
2.576250
2.577500
2.578750
2.580000
2.581250
2.582500
2.583750
2.585000
2.586250
2.587500
2.588750
2.590000
2.591250
2.592500
2.593750
2.595000
2.596250
2.597500
2.598750
2.600000
2.601250
2.602500
2.603750
2.605000
2.606250
2.607500
2.608750
2.610000
2.611250
2.612500
2.613750
2.615000
2.616250
2.617500
2.618750
2.620000
2.621250
2.622500
2.623750
2.625000
2.626250
2.627500
2.628750
2.630000
2.631250
2.632500
2.633750
2.635000
2.636250
2.637500
2.638750
2.640000
2.641250
2.642500
2.643750
2.645000
2.646250
2.647500
2.648750
2.650000
2.651250
2.652500
2.653750
2.655000
2.656250
2.657500
2.658750
2.660000
2.661250
2.662500
2.663750
2.665000
2.666250
2.667500
2.668750
2.670000
2.671250
2.672500
2.673750
2.675000
2.676250
2.677500
2.678750
2.680000
2.681250
2.682500
2.683750
2.685000
2.686250
2.687500
2.688750
2.690000
2.691250
2.692500
2.693750
2.695000
2.696250
2.697500
2.698750
2.700000
2.701250
2.702500
2.703750
2.705000
2.706250
2.707500
2.708750
2.710000
2.711250
2.712500
2.713750
2.715000
2.716250
2.717500
2.718750
2.720000
2.721250
2.722500
2.723750
2.725000
2.726250
2.727500
2.728750
2.730000
2.731250
2.732500
2.733750
2.735000
2.736250
2.737500
2.738750
2.740000
2.741250
2.742500
2.743750
2.745000
2.746250
2.747500
2.748750
2.750000
2.751250
2.752500
2.753750
2.755000
2.756250
2.757500
2.758750
2.760000
2.761250
2.762500
2.763750
2.765000
2.766250
2.767500
2.768750
2.770000
2.771250
2.772500
2.773750
2.775000
2.776250
2.777500
2.778750
2.780000
2.781250
2.782500
2.783750
2.785000
2.786250
2.787500
2.788750
2.790000
2.791250
2.792500
2.793750
2.795000
2.796250
2.797500
2.798750
2.800000
2.801250
2.802500
2.803750
2.805000
2.806250
2.807500
2.808750
2.810000
2.811250
2.812500
2.813750
2.815000
2.816250
2.817500
2.818750
2.820000
2.821250
2.822500
2.823750
2.825000
2.826250
2.827500
2.828750
2.830000
2.831250
2.832500
2.833750
2.835000
2.836250
2.837500
2.838750
2.840000
2.841250
2.842500
2.843750
2.845000
2.846250
2.847500
2.848750
2.850000
2.851250
2.852500
2.853750
2.855000
2.856250
2.857500
2.858750
2.860000
2.861250
2.862500
2.863750
2.865000
2.866250
2.867500
2.868750
2.870000
2.871250
2.872500
2.873750
2.875000
2.876250
2.877500
2.878750
2.880000
2.881250
2.882500
2.883750
2.885000
2.886250
2.887500
2.888750
2.890000
2.891250
2.892500
2.893750
2.895000
2.896250
2.897500
2.898750
2.900000
2.901250
2.902500
2.903750
2.905000
2.906250
2.907500
2.908750
2.910000
2.911250
2.912500
2.913750
2.915000
2.916250
2.917500
2.918750
2.920000
2.921250
2.922500
2.923750
2.925000
2.926250
2.927500
2.928750
2.930000
2.931250
2.932500
2.933750
2.935000
2.936250
2.937500
2.938750
2.940000
2.941250
2.942500
2.943750
2.945000
2.946250
2.947500
2.948750
2.950000
2.951250
2.952500
2.953750
2.955000
2.956250
2.957500
2.958750
2.960000
2.961250
2.962500
2.963750
2.965000
2.966250
2.967500
2.968750
2.970000
2.971250
2.972500
2.973750
2.975000
2.976250
2.977500
2.978750
2.980000
2.981250
2.982500
2.983750
2.985000
2.986250
2.987500
2.988750
2.990000
2.991250
2.992500
2.993750
2.995000
2.996250
2.997500
2.998750
3.000000
3.001250
3.002500
3.003750
3.005000
3.006250
3.007500
3.008750
3.010000
3.011250
3.012500
3.013750
3.015000
3.016250
3.017500
3.018750
3.020000
3.021250
3.022500
3.023750
3.025000
3.026250
3.027500
3.028750
3.030000
3.031250
3.032500
3.033750
3.035000
3.036250
3.037500
3.038750
3.040000
3.041250
3.042500
3.043750
3.045000
3.046250
3.047500
3.048750
3.050000
3.051250
3.052500
3.053750
3.055000
3.056250
3.057500
3.058750
3.060000
3.061250
3.062500
3.063750
3.065000
3.066250
3.067500
3.068750
3.070000
3.071250
3.072500
3.073750
3.075000
3.076250
3.077500
3.078750
3.080000
3.081250
3.082500
3.083750
3.085000
3.086250
3.087500
3.088750
3.090000
3.091250
3.092500
3.093750
3.095000
3.096250
3.097500
3.098750
3.100000
3.101250
3.102500
3.103750
3.105000
3.106250
3.107500
3.108750
3.110000
3.111250
3.112500
3.113750
3.115000
3.116250
3.117500
3.118750
3.120000
3.121250
3.122500
3.123750
3.125000
3.126250
3.127500
3.128750
3.130000
3.131250
3.132500
3.133750
3.135000
3.136250
3.137500
3.138750
3.140000
3.141250
3.142500
3.143750
3.145000
3.146250
3.147500
3.148750
3.150000
3.151250
3.152500
3.153750
3.155000
3.156250
3.157500
3.158750
3.160000
3.161250
3.162500
3.163750
3.165000
3.166250
3.167500
3.168750
3.170000
3.171250
3.172500
3.173750
3.175000
3.176250
3.177500
3.178750
3.180000
3.181250
3.182500
3.183750
3.185000
3.186250
3.187500
3.188750
3.190000
3.191250
3.192500
3.193750
3.195000
3.196250
3.197500
3.198750
3.200000
3.201250
3.202500
3.203750
3.205000
3.206250
3.207500
3.208750
3.210000
3.211250
3.212500
3.213750
3.215000
3.216250
3.217500
3.218750
3.220000
3.221250
3.222500
3.223750
3.225000
3.226250
3.227500
3.228750
3.230000
3.231250
3.232500
3.233750
3.235000
3.236250
3.237500
3.238750
3.240000
3.241250
3.242500
3.243750
3.245000
3.246250
3.247500
3.248750
3.250000
3.251250
3.252500
3.253750
3.255000
3.256250
3.257500
3.258750
3.260000
3.261250
3.262500
3.263750
3.265000
3.266250
3.267500
3.268750
3.270000
3.271250
3.272500
3.273750
3.275000
3.276250
3.277500
3.278750
3.280000
3.281250
3.282500
3.283750
3.285000
3.286250
3.287500
3.288750
3.290000
3.291250
3.292500
3.293750
3.295000
3.296250
3.297500
3.298750
3.300000
3.301250
3.302500
3.303750
3.305000
3.306250
3.307500
3.308750
3.310000
3.311250
3.312500
3.313750
3.315000
3.316250
3.317500
3.318750
3.320000
3.321250
3.322500
3.323750
3.325000
3.326250
3.327500
3.328750
3.330000
3.331250
3.332500
3.333750
3.335000
3.336250
3.337500
3.338750
3.340000
3.341250
3.342500
3.343750
3.345000
3.346250
3.347500
3.348750
3.350000
3.351250
3.352500
3.353750
3.355000
3.356250
3.357500
3.358750
3.360000
3.361250
3.362500
3.363750
3.365000
3.366250
3.367500
3.368750
3.370000
3.371250
3.372500
3.373750
3.375000
3.376250
3.377500
3.378750
3.380000
3.381250
3.382500
3.383750
3.385000
3.386250
3.387500
3.388750
3.390000
3.391250
3.392500
3.393750
3.395000
3.396250
3.397500
3.398750
3.400000
3.401250
3.402500
3.403750
3.405000
3.406250
3.407500
3.408750
3.410000
3.411250
3.412500
3.413750
3.415000
3.416250
3.417500
3.418750
3.420000
3.421250
3.422500
3.423750
3.425000
3.426250
3.427500
3.428750
3.430000
3.431250
3.432500
3.433750
3.435000
3.436250
3.437500
3.438750
3.440000
3.441250
3.442500
3.443750
3.445000
3.446250
3.447500
3.448750
3.450000
3.451250
3.452500
3.453750
3.455000
3.456250
3.457500
3.458750
3.460000
3.461250
3.462500
3.463750
3.465000
3.466250
3.467500
3.468750
3.470000
3.471250
3.472500
3.473750
3.475000
3.476250
3.477500
3.478750
3.480000
3.481250
3.482500
3.483750
3.485000
3.486250
3.487500
3.488750
3.490000
3.491250
3.492500
3.493750
3.495000
3.496250
3.497500
3.498750
3.500000
3.501250
3.502500
3.503750
3.505000
3.506250
3.507500
3.508750
3.510000
3.511250
3.512500
3.513750
3.515000
3.516250
3.517500
3.518750
3.520000
3.521250
3.522500
3.523750
3.525000
3.526250
3.527500
3.528750
3.530000
3.531250
3.532500
3.533750
3.535000
3.536250
3.537500
3.538750
3.540000
3.541250
3.542500
3.543750
3.545000
3.546250
3.547500
3.548750
3.550000
3.551250
3.552500
3.553750
3.555000
3.556250
3.557500
3.558750
3.560000
3.561250
3.562500
3.563750
3.565000
3.566250
3.567500
3.568750
3.570000
3.571250
3.572500
3.573750
3.575000
3.576250
3.577500
3.578750
3.580000
3.581250
3.582500
3.583750
3.585000
3.586250
3.587500
3.588750
3.590000
3.591250
3.592500
3.593750
3.595000
3.596250
3.597500
3.598750
3.600000
3.601250
3.602500
3.603750
3.605000
3.606250
3.607500
3.608750
3.610000
3.611250
3.612500
3.613750
3.615000
3.616250
3.617500
3.618750
3.620000
3.621250
3.622500
3.623750
3.625000
3.626250
3.627500
3.628750
3.630000
3.631250
3.632500
3.633750
3.635000
3.636250
3.637500
3.638750
3.640000
3.641250
3.642500
3.643750
3.645000
3.646250
3.647500
3.648750
3.650000
3.651250
3.652500
3.653750
3.655000
3.656250
3.657500
3.658750
3.660000
3.661250
3.662500
3.663750
3.665000
3.666250
3.667500
3.668750
3.670000
3.671250
3.672500
3.673750
3.675000
3.676250
3.677500
3.678750
3.680000
3.681250
3.682500
3.683750
3.685000
3.686250
3.687500
3.688750
3.690000
3.691250
3.692500
3.693750
3.695000
3.696250
3.697500
3.698750
3.700000
3.701250
3.702500
3.703750
3.705000
3.706250
3.707500
3.708750
3.710000
3.711250
3.712500
3.713750
3.715000
3.716250
3.717500
3.718750
3.720000
3.721250
3.722500
3.723750
3.725000
3.726250
3.727500
3.728750
3.730000
3.731250
3.732500
3.733750
3.735000
3.736250
3.737500
3.738750
3.740000
3.741250
3.742500
3.743750
3.745000
3.746250
3.747500
3.748750
3.750000
3.751250
3.752500
3.753750
3.755000
3.756250
3.757500
3.758750
3.760000
3.761250
3.762500
3.763750
3.765000
3.766250
3.767500
3.768750
3.770000
3.771250
3.772500
3.773750
3.775000
3.776250
3.777500
3.778750
3.780000
3.781250
3.782500
3.783750
3.785000
3.786250
3.787500
3.788750
3.790000
3.791250
3.792500
3.793750
3.795000
3.796250
3.797500
3.798750
3.800000
3.801250
3.802500
3.803750
3.805000
3.806250
3.807500
3.808750
3.810000
3.811250
3.812500
3.813750
3.815000
3.816250
3.817500
3.818750
3.820000
3.821250
3.822500
3.823750
3.825000
3.826250
3.827500
3.828750
3.830000
3.831250
3.832500
3.833750
3.835000
3.836250
3.837500
3.838750
3.840000
3.841250
3.842500
3.843750
3.845000
3.846250
3.847500
3.848750
3.850000
3.851250
3.852500
3.853750
3.855000
3.856250
3.857500
3.858750
3.860000
3.861250
3.862500
3.863750
3.865000
3.866250
3.867500
3.868750
3.870000
3.871250
3.872500
3.873750
3.875000
3.876250
3.877500
3.878750
3.880000
3.881250
3.882500
3.883750
3.885000
3.886250
3.887500
3.888750
3.890000
3.891250
3.892500
3.893750
3.895000
3.896250
3.897500
3.898750
3.900000
3.901250
3.902500
3.903750
3.905000
3.906250
3.907500
3.908750
3.910000
3.911250
3.912500
3.913750
3.915000
3.916250
3.917500
3.918750
3.920000
3.921250
3.922500
3.923750
3.925000
3.926250
3.927500
3.928750
3.930000
3.931250
3.932500
3.933750
3.935000
3.936250
3.937500
3.938750
3.940000
3.941250
3.942500
3.943750
3.945000
3.946250
3.947500
3.948750
3.950000
3.951250
3.952500
3.953750
3.955000
3.956250
3.957500
3.958750
3.960000
3.961250
3.962500
3.963750
3.965000
3.966250
3.967500
3.968750
3.970000
3.971250
3.972500
3.973750
3.975000
3.976250
3.977500
3.978750
3.980000
3.981250
3.982500
3.983750
3.985000
3.986250
3.987500
3.988750
3.990000
3.991250
3.992500
3.993750
3.995000
3.996250
3.997500
3.998750
4.000000
4.001250
4.002500
4.003750
4.005000
4.006250
4.007500
4.008750
4.010000
4.011250
4.012500
4.013750
4.015000
4.016250
4.017500
4.018750
4.020000
4.021250
4.022500
4.023750
4.025000
4.026250
4.027500
4.028750
4.030000
4.031250
4.032500
4.033750
4.035000
4.036250
4.037500
4.038750
4.040000
4.041250
4.042500
4.043750
4.045000
4.046250
4.047500
4.048750
4.050000
4.051250
4.052500
4.053750
4.055000
4.056250
4.057500
4.058750
4.060000
4.061250
4.062500
4.063750
4.065000
4.066250
4.067500
4.068750
4.070000
4.071250
4.072500
4.073750
4.075000
4.076250
4.077500
4.078750
4.080000
4.081250
4.082500
4.083750
4.085000
4.086250
4.087500
4.088750
4.090000
4.091250
4.092500
4.093750
4.095000
4.096250
4.097500
4.098750
4.100000
4.101250
4.102500
4.103750
4.105000
4.106250
4.107500
4.108750
4.110000
4.111250
4.112500
4.113750
4.115000
4.116250
4.117500
4.118750
4.120000
4.121250
4.122500
4.123750
4.125000
4.126250
4.127500
4.128750
4.130000
4.131250
4.132500
4.133750
4.135000
4.136250
4.137500
4.138750
4.140000
4.141250
4.142500
4.143750
4.145000
4.146250
4.147500
4.148750
4.150000
4.151250
4.152500
4.153750
4.155000
4.156250
4.157500
4.158750
4.160000
4.161250
4.162500
4.163750
4.165000
4.166250
4.167500
4.168750
4.170000
4.171250
4.172500
4.173750
4.175000
4.176250
4.177500
4.178750
4.180000
4.181250
4.182500
4.183750
4.185000
4.186250
4.187500
4.188750
4.190000
4.191250
4.192500
4.193750
4.195000
4.196250
4.197500
4.198750
4.200000
4.201250
4.202500
4.203750
4.205000
4.206250
4.207500
4.208750
4.210000
4.211250
4.212500
4.213750
4.215000
4.216250
4.217500
4.218750
4.220000
4.221250
4.222500
4.223750
4.225000
4.226250
4.227500
4.228750
4.230000
4.231250
4.232500
4.233750
4.235000
4.236250
4.237500
4.238750
4.240000
4.241250
4.242500
4.243750
4.245000
4.246250
4.247500
4.248750
4.250000
4.251250
4.252500
4.253750
4.255000
4.256250
4.257500
4.258750
4.260000
4.261250
4.262500
4.263750
4.265000
4.266250
4.267500
4.268750
4.270000
4.271250
4.272500
4.273750
4.275000
4.276250
4.277500
4.278750
4.280000
4.281250
4.282500
4.283750
4.285000
4.286250
4.287500
4.288750
4.290000
4.291250
4.292500
4.293750
4.295000
4.296250
4.297500
4.298750
4.300000
4.301250
4.302500
4.303750
4.305000
4.306250
4.307500
4.308750
4.310000
4.311250
4.312500
4.313750
4.315000
4.316250
4.317500
4.318750
4.320000
4.321250
4.322500
4.323750
4.325000
4.326250
4.327500
4.328750
4.330000
4.331250
4.332500
4.333750
4.335000
4.336250
4.337500
4.338750
4.340000
4.341250
4.342500
4.343750
4.345000
4.346250
4.347500
4.348750
4.350000
4.351250
4.352500
4.353750
4.355000
4.356250
4.357500
4.358750
4.360000
4.361250
4.362500
4.363750
4.365000
4.366250
4.367500
4.368750
4.370000
4.371250
4.372500
4.373750
4.375000
4.376250
4.377500
4.378750
4.380000
4.381250
4.382500
4.383750
4.385000
4.386250
4.387500
4.388750
4.390000
4.391250
4.392500
4.393750
4.395000
4.396250
4.397500
4.398750
4.400000
4.401250
4.402500
4.403750
4.405000
4.406250
4.407500
4.408750
4.410000
4.411250
4.412500
4.413750
4.415000
4.416250
4.417500
4.418750
4.420000
4.421250
4.422500
4.423750
4.425000
4.426250
4.427500
4.428750
4.430000
4.431250
4.432500
4.433750
4.435000
4.436250
4.437500
4.438750
4.440000
4.441250
4.442500
4.443750
4.445000
4.446250
4.447500
4.448750
4.450000
4.451250
4.452500
4.453750
4.455000
4.456250
4.457500
4.458750
4.460000
4.461250
4.462500
4.463750
4.465000
4.466250
4.467500
4.468750
4.470000
4.471250
4.472500
4.473750
4.475000
4.476250
4.477500
4.478750
4.480000
4.481250
4.482500
4.483750
4.485000
4.486250
4.487500
4.488750
4.490000
4.491250
4.492500
4.493750
4.495000
4.496250
4.497500
4.498750
4.500000
4.501250
4.502500
4.503750
4.505000
4.506250
4.507500
4.508750
4.510000
4.511250
4.512500
4.513750
4.515000
4.516250
4.517500
4.518750
4.520000
4.521250
4.522500
4.523750
4.525000
4.526250
4.527500
4.528750
4.530000
4.531250
4.532500
4.533750
4.535000
4.536250
4.537500
4.538750
4.540000
4.541250
4.542500
4.543750
4.545000
4.546250
4.547500
4.548750
4.550000
4.551250
4.552500
4.553750
4.555000
4.556250
4.557500
4.558750
4.560000
4.561250
4.562500
4.563750
4.565000
4.566250
4.567500
4.568750
4.570000
4.571250
4.572500
4.573750
4.575000
4.576250
4.577500
4.578750
4.580000
4.581250
4.582500
4.583750
4.585000
4.586250
4.587500
4.588750
4.590000
4.591250
4.592500
4.593750
4.595000
4.596250
4.597500
4.598750
4.600000
4.601250
4.602500
4.603750
4.605000
4.606250
4.607500
4.608750
4.610000
4.611250
4.612500
4.613750
4.615000
4.616250
4.617500
4.618750
4.620000
4.621250
4.622500
4.623750
4.625000
4.626250
4.627500
4.628750
4.630000
4.631250
4.632500
4.633750
4.635000
4.636250
4.637500
4.638750
4.640000
4.641250
4.642500
4.643750
4.645000
4.646250
4.647500
4.648750
4.650000
4.651250
4.652500
4.653750
4.655000
4.656250
4.657500
4.658750
4.660000
4.661250
4.662500
4.663750
4.665000
4.666250
4.667500
4.668750
4.670000
4.671250
4.672500
4.673750
4.675000
4.676250
4.677500
4.678750
4.680000
4.681250
4.682500
4.683750
4.685000
4.686250
4.687500
4.688750
4.690000
4.691250
4.692500
4.693750
4.695000
4.696250
4.697500
4.698750
4.700000
4.701250
4.702500
4.703750
4.705000
4.706250
4.707500
4.708750
4.710000
4.711250
4.712500
4.713750
4.715000
4.716250
4.717500
4.718750
4.720000
4.721250
4.722500
4.723750
4.725000
4.726250
4.727500
4.728750
4.730000
4.731250
4.732500
4.733750
4.735000
4.736250
4.737500
4.738750
4.740000
4.741250
4.742500
4.743750
4.745000
4.746250
4.747500
4.748750
4.750000
4.751250
4.752500
4.753750
4.755000
4.756250
4.757500
4.758750
4.760000
4.761250
4.762500
4.763750
4.765000
4.766250
4.767500
4.768750
4.770000
4.771250
4.772500
4.773750
4.775000
4.776250
4.777500
4.778750
4.780000
4.781250
4.782500
4.783750
4.785000
4.786250
4.787500
4.788750
4.790000
4.791250
4.792500
4.793750
4.795000
4.796250
4.797500
4.798750
4.800000
4.801250
4.802500
4.803750
4.805000
4.806250
4.807500
4.808750
4.810000
4.811250
4.812500
4.813750
4.815000
4.816250
4.817500
4.818750
4.820000
4.821250
4.822500
4.823750
4.825000
4.826250
4.827500
4.828750
4.830000
4.831250
4.832500
4.833750
4.835000
4.836250
4.837500
4.838750
4.840000
4.841250
4.842500
4.843750
4.845000
4.846250
4.847500
4.848750
4.850000
4.851250
4.852500
4.853750
4.855000
4.856250
4.857500
4.858750
4.860000
4.861250
4.862500
4.863750
4.865000
4.866250
4.867500
4.868750
4.870000
4.871250
4.872500
4.873750
4.875000
4.876250
4.877500
4.878750
4.880000
4.881250
4.882500
4.883750
4.885000
4.886250
4.887500
4.888750
4.890000
4.891250
4.892500
4.893750
4.895000
4.896250
4.897500
4.898750
