0.100000 99
0.101250 100
0.102500 101
0.103750 102
0.105000 103
0.106250 105
0.107500 106
0.108750 107
0.110000 108
0.111250 110
0.112500 111
0.113750 112
0.115000 113
0.116250 114
0.117500 116
0.118750 117
0.120000 118
0.121250 119
0.122500 120
0.123750 122
0.125000 123
0.126250 124
0.127500 125
0.128750 127
0.130000 128
0.131250 129
0.132500 130
0.133750 131
0.135000 133
0.136250 134
0.137500 135
0.138750 136
0.140000 138
0.141250 139
0.142500 140
0.143750 141
0.145000 142
0.146250 144
0.147500 145
0.148750 146
0.150000 147
0.151250 148
0.152500 150
0.153750 151
0.155000 152
0.156250 153
0.157500 155
0.158750 156
0.160000 157
0.161250 158
0.162500 159
0.163750 161
0.165000 162
0.166250 163
0.167500 164
0.168750 166
0.170000 167
0.171250 168
0.172500 169
0.173750 170
0.175000 172
0.176250 173
0.177500 174
0.178750 175
0.180000 176
0.181250 178
0.182500 179
0.183750 180
0.185000 181
0.186250 183
0.187500 184
0.188750 185
0.190000 186
0.191250 187
0.192500 189
0.193750 190
0.195000 191
0.196250 192
0.197500 194
0.198750 195
0.200000 196
0.201250 197
0.202500 198
0.203750 200
0.205000 201
0.206250 202
0.207500 203
0.208750 204
0.210000 206
0.211250 207
0.212500 208
0.213750 209
0.215000 211
0.216250 212
0.217500 213
0.218750 214
0.220000 215
0.221250 217
0.222500 218
0.223750 219
0.225000 220
0.226250 222
0.227500 223
0.228750 224
0.230000 225
0.231250 226
0.232500 228
0.233750 229
0.235000 230
0.236250 231
0.237500 232
0.238750 234
0.240000 235
0.241250 236
0.242500 237
0.243750 239
0.245000 240
0.246250 241
0.247500 242
0.248750 243
0.250000 245
0.251250 246
0.252500 247
0.253750 248
0.255000 250
0.256250 251
0.257500 252
0.258750 253
0.260000 254
0.261250 256
0.262500 257
0.263750 258
0.265000 259
0.266250 260
0.267500 262
0.268750 263
0.270000 264
0.271250 265
0.272500 267
0.273750 268
0.275000 269
0.276250 270
0.277500 271
0.278750 273
0.280000 274
0.281250 275
0.282500 276
0.283750 277
0.285000 279
0.286250 280
0.287500 281
0.288750 282
0.290000 284
0.291250 285
0.292500 286
0.293750 287
0.295000 288
0.296250 290
0.297500 291
0.298750 292
0.300000 293
0.301250 295
0.302500 296
0.303750 297
0.305000 298
0.306250 299
0.307500 301
0.308750 302
0.310000 303
0.311250 304
0.312500 305
0.313750 307
0.315000 308
0.316250 309
0.317500 310
0.318750 312
0.320000 313
0.321250 314
0.322500 315
0.323750 316
0.325000 318
0.326250 319
0.327500 320
0.328750 321
0.330000 323
0.331250 324
0.332500 325
0.333750 326
0.335000 327
0.336250 329
0.337500 330
0.338750 331
0.340000 332
0.341250 333
0.342500 335
0.343750 336
0.345000 337
0.346250 338
0.347500 340
0.348750 341
0.350000 342
0.351250 343
0.352500 344
0.353750 346
0.355000 347
0.356250 348
0.357500 349
0.358750 350
0.360000 352
0.361250 353
0.362500 354
0.363750 355
0.365000 357
0.366250 358
0.367500 359
0.368750 360
0.370000 361
0.371250 363
0.372500 364
0.373750 365
0.375000 366
0.376250 368
0.377500 369
0.378750 370
0.380000 371
0.381250 372
0.382500 374
0.383750 375
0.385000 376
0.386250 377
0.387500 378
0.388750 380
0.390000 381
0.391250 382
0.392500 383
0.393750 385
0.395000 386
0.396250 387
0.397500 388
0.398750 389
0.400000 391
0.401250 392
0.402500 393
0.403750 394
0.405000 395
0.406250 397
0.407500 398
0.408750 399
0.410000 400
0.411250 402
0.412500 403
0.413750 404
0.415000 405
0.416250 406
0.417500 408
0.418750 409
0.420000 410
0.421250 411
0.422500 412
0.423750 414
0.425000 415
0.426250 416
0.427500 417
0.428750 419
0.430000 420
0.431250 421
0.432500 422
0.433750 423
0.435000 425
0.436250 426
0.437500 427
0.438750 428
0.440000 430
0.441250 431
0.442500 432
0.443750 433
0.445000 434
0.446250 436
0.447500 437
0.448750 438
0.450000 439
0.451250 440
0.452500 442
0.453750 443
0.455000 444
0.456250 445
0.457500 447
0.458750 448
0.460000 449
0.461250 450
0.462500 451
0.463750 453
0.465000 454
0.466250 455
0.467500 456
0.468750 457
0.470000 459
0.471250 460
0.472500 461
0.473750 462
0.475000 464
0.476250 465
0.477500 466
0.478750 467
0.480000 468
0.481250 470
0.482500 471
0.483750 472
0.485000 473
0.486250 474
0.487500 476
0.488750 477
0.490000 478
0.491250 479
0.492500 481
0.493750 482
0.495000 483
0.496250 484
0.497500 485
0.498750 487
0.500000 488
0.501250 489
0.502500 490
0.503750 491
0.505000 493
0.506250 494
0.507500 495
0.508750 496
0.510000 498
0.511250 499
0.512500 500
0.513750 501
0.515000 502
0.516250 504
0.517500 505
0.518750 506
0.520000 507
0.521250 508
0.522500 510
0.523750 511
0.525000 512
0.526250 513
0.527500 515
0.528750 516
0.530000 517
0.531250 518
0.532500 519
0.533750 521
0.535000 522
0.536250 523
0.537500 524
0.538750 525
0.540000 527
0.541250 528
0.542500 529
0.543750 530
0.545000 532
0.546250 533
0.547500 534
0.548750 535
0.550000 536
0.551250 538
0.552500 539
0.553750 540
0.555000 541
0.556250 542
0.557500 544
0.558750 545
0.560000 546
0.561250 547
0.562500 549
0.563750 550
0.565000 551
0.566250 552
0.567500 553
0.568750 555
0.570000 556
0.571250 557
0.572500 558
0.573750 559
0.575000 561
0.576250 562
0.577500 563
0.578750 564
0.580000 566
0.581250 567
0.582500 568
0.583750 569
0.585000 570
0.586250 572
0.587500 573
0.588750 574
0.590000 575
0.591250 576
0.592500 578
0.593750 579
0.595000 580
0.596250 581
0.597500 582
0.598750 584
0.600000 585
0.601250 586
0.602500 587
0.603750 589
0.605000 590
0.606250 591
0.607500 592
0.608750 593
0.610000 595
0.611250 596
0.612500 597
0.613750 598
0.615000 599
0.616250 601
0.617500 602
0.618750 603
0.620000 604
0.621250 606
0.622500 607
0.623750 608
0.625000 609
0.626250 610
0.627500 612
0.628750 613
0.630000 614
0.631250 615
0.632500 616
0.633750 618
0.635000 619
0.636250 620
0.637500 621
0.638750 623
0.640000 624
0.641250 625
0.642500 626
0.643750 627
0.645000 629
0.646250 630
0.647500 631
0.648750 632
0.650000 633
0.651250 635
0.652500 636
0.653750 637
0.655000 638
0.656250 639
0.657500 641
0.658750 642
0.660000 643
0.661250 644
0.662500 646
0.663750 647
0.665000 648
0.666250 649
0.667500 650
0.668750 652
0.670000 653
0.671250 654
0.672500 655
0.673750 656
0.675000 658
0.676250 659
0.677500 660
0.678750 661
0.680000 663
0.681250 664
0.682500 665
0.683750 666
0.685000 667
0.686250 669
0.687500 670
0.688750 671
0.690000 672
0.691250 673
0.692500 675
0.693750 676
0.695000 677
0.696250 678
0.697500 679
0.698750 681
0.700000 682
0.701250 683
0.702500 684
0.703750 686
0.705000 687
0.706250 688
0.707500 689
0.708750 690
0.710000 692
0.711250 693
0.712500 694
0.713750 695
0.715000 696
0.716250 698
0.717500 699
0.718750 700
0.720000 701
0.721250 702
0.722500 704
0.723750 705
0.725000 706
0.726250 707
0.727500 709
0.728750 710
0.730000 711
0.731250 712
0.732500 713
0.733750 715
0.735000 716
0.736250 717
0.737500 718
0.738750 719
0.740000 721
0.741250 722
0.742500 723
0.743750 724
0.745000 725
0.746250 727
0.747500 728
0.748750 729
0.750000 730
0.751250 732
0.752500 733
0.753750 734
0.755000 735
0.756250 736
0.757500 738
0.758750 739
0.760000 740
0.761250 741
0.762500 742
0.763750 744
0.765000 745
0.766250 746
0.767500 747
0.768750 748
0.770000 750
0.771250 751
0.772500 752
0.773750 753
0.775000 755
0.776250 756
0.777500 757
0.778750 758
0.780000 759
0.781250 761
0.782500 762
0.783750 763
0.785000 764
0.786250 765
0.787500 767
0.788750 768
0.790000 769
0.791250 770
0.792500 771
0.793750 773
0.795000 774
0.796250 775
0.797500 776
0.798750 777
0.800000 779
0.801250 780
0.802500 781
0.803750 782
0.805000 784
0.806250 785
0.807500 786
0.808750 787
0.810000 788
0.811250 790
0.812500 791
0.813750 792
0.815000 793
0.816250 794
0.817500 796
0.818750 797
0.820000 798
0.821250 799
0.822500 800
0.823750 802
0.825000 803
0.826250 804
0.827500 805
0.828750 807
0.830000 808
0.831250 809
0.832500 810
0.833750 811
0.835000 813
0.836250 814
0.837500 815
0.838750 816
0.840000 817
0.841250 819
0.842500 820
0.843750 821
0.845000 822
0.846250 823
0.847500 825
0.848750 826
0.850000 827
0.851250 828
0.852500 829
0.853750 831
0.855000 832
0.856250 833
0.857500 834
0.858750 836
0.860000 837
0.861250 838
0.862500 839
0.863750 840
0.865000 842
0.866250 843
0.867500 844
0.868750 845
0.870000 846
0.871250 848
0.872500 849
0.873750 850
0.875000 851
0.876250 852
0.877500 854
0.878750 855
0.880000 856
0.881250 857
0.882500 858
0.883750 860
0.885000 861
0.886250 862
0.887500 863
0.888750 864
0.890000 866
0.891250 867
0.892500 868
0.893750 869
0.895000 871
0.896250 872
0.897500 873
0.898750 874
0.900000 875
0.901250 877
0.902500 878
0.903750 879
0.905000 880
0.906250 881
0.907500 883
0.908750 884
0.910000 885
0.911250 886
0.912500 887
0.913750 889
0.915000 890
0.916250 891
0.917500 892
0.918750 893
0.920000 895
0.921250 896
0.922500 897
0.923750 898
0.925000 899
0.926250 901
0.927500 902
0.928750 903
0.930000 904
0.931250 906
0.932500 907
0.933750 908
0.935000 909
0.936250 910
0.937500 912
0.938750 913
0.940000 914
0.941250 915
0.942500 916
0.943750 918
0.945000 919
0.946250 920
0.947500 921
0.948750 922
0.950000 924
0.951250 925
0.952500 926
0.953750 927
0.955000 928
0.956250 930
0.957500 931
0.958750 932
0.960000 933
0.961250 934
0.962500 936
0.963750 937
0.965000 938
0.966250 939
0.967500 940
0.968750 942
0.970000 943
0.971250 944
0.972500 945
0.973750 946
0.975000 948
0.976250 949
0.977500 950
0.978750 951
0.980000 953
0.981250 954
0.982500 955
0.983750 956
0.985000 957
0.986250 959
0.987500 960
0.988750 961
0.990000 962
0.991250 963
0.992500 965
0.993750 966
0.995000 967
0.996250 968
0.997500 969
0.998750 971
1.000000 972
1.001250 973
1.002500 974
1.003750 975
1.005000 977
1.006250 978
1.007500 979
1.008750 980
1.010000 981
1.011250 983
1.012500 984
1.013750 985
1.015000 986
1.016250 987
1.017500 989
1.018750 990
1.020000 991
1.021250 992
1.022500 993
1.023750 995
1.025000 996
1.026250 997
1.027500 998
1.028750 999
1.030000 1001
1.031250 1002
1.032500 1003
1.033750 1004
1.035000 1006
1.036250 1007
1.037500 1008
1.038750 1009
1.040000 1010
1.041250 1012
1.042500 1013
1.043750 1014
1.045000 1015
1.046250 1016
1.047500 1018
1.048750 1019
1.050000 1020
1.051250 1021
1.052500 1022
1.053750 1024
1.055000 1025
1.056250 1026
1.057500 1027
1.058750 1028
1.060000 1030
1.061250 1031
1.062500 1032
1.063750 1033
1.065000 1034
1.066250 1036
1.067500 1037
1.068750 1038
1.070000 1039
1.071250 1040
1.072500 1042
1.073750 1043
1.075000 1044
1.076250 1045
1.077500 1046
1.078750 1048
1.080000 1049
1.081250 1050
1.082500 1051
1.083750 1052
1.085000 1054
1.086250 1055
1.087500 1056
1.088750 1057
1.090000 1058
1.091250 1060
1.092500 1061
1.093750 1062
1.095000 1063
1.096250 1064
1.097500 1066
1.098750 1067
1.100000 1068
1.101250 1069
1.102500 1070
1.103750 1072
1.105000 1073
1.106250 1074
1.107500 1075
1.108750 1076
1.110000 1078
1.111250 1079
1.112500 1080
1.113750 1081
1.115000 1082
1.116250 1084
1.117500 1085
1.118750 1086
1.120000 1087
1.121250 1088
1.122500 1090
1.123750 1091
1.125000 1092
1.126250 1093
1.127500 1094
1.128750 1096
1.130000 1097
1.131250 1098
1.132500 1099
1.133750 1100
1.135000 1102
1.136250 1103
1.137500 1104
1.138750 1105
1.140000 1106
1.141250 1108
1.142500 1109
1.143750 1110
1.145000 1111
1.146250 1112
1.147500 1114
1.148750 1115
1.150000 1116
1.151250 1117
1.152500 1118
1.153750 1120
1.155000 1121
1.156250 1122
1.157500 1123
1.158750 1124
1.160000 1126
1.161250 1127
1.162500 1128
1.163750 1129
1.165000 1130
1.166250 1132
1.167500 1133
1.168750 1134
1.170000 1135
1.171250 1136
1.172500 1138
1.173750 1139
1.175000 1140
1.176250 1141
1.177500 1142
1.178750 1144
1.180000 1145
1.181250 1146
1.182500 1147
1.183750 1148
1.185000 1150
1.186250 1151
1.187500 1152
1.188750 1153
1.190000 1154
1.191250 1156
1.192500 1157
1.193750 1158
1.195000 1159
1.196250 1160
1.197500 1162
1.198750 1163
1.200000 1164
1.201250 1165
1.202500 1166
1.203750 1168
1.205000 1169
1.206250 1170
1.207500 1171
1.208750 1172
1.210000 1174
1.211250 1175
1.212500 1176
1.213750 1177
1.215000 1178
1.216250 1180
1.217500 1181
1.218750 1182
1.220000 1183
1.221250 1184
1.222500 1186
1.223750 1187
1.225000 1188
1.226250 1189
1.227500 1190
1.228750 1192
1.230000 1193
1.231250 1194
1.232500 1195
1.233750 1196
1.235000 1198
1.236250 1199
1.237500 1200
1.238750 1201
1.240000 1202
1.241250 1204
1.242500 1205
1.243750 1206
1.245000 1207
1.246250 1208
1.247500 1210
1.248750 1211
1.250000 1212
1.251250 1213
1.252500 1214
1.253750 1216
1.255000 1217
1.256250 1218
1.257500 1219
1.258750 1220
1.260000 1222
1.261250 1223
1.262500 1224
1.263750 1225
1.265000 1226
1.266250 1227
1.267500 1229
1.268750 1230
1.270000 1231
1.271250 1232
1.272500 1233
1.273750 1235
1.275000 1236
1.276250 1237
1.277500 1238
1.278750 1239
1.280000 1241
1.281250 1242
1.282500 1243
1.283750 1244
1.285000 1245
1.286250 1247
1.287500 1248
1.288750 1249
1.290000 1250
1.291250 1251
1.292500 1253
1.293750 1254
1.295000 1255
1.296250 1256
1.297500 1257
1.298750 1259
1.300000 1260
1.301250 1261
1.302500 1262
1.303750 1263
1.305000 1265
1.306250 1266
1.307500 1267
1.308750 1268
1.310000 1269
1.311250 1271
1.312500 1272
1.313750 1273
1.315000 1274
1.316250 1275
1.317500 1277
1.318750 1278
1.320000 1279
1.321250 1280
1.322500 1281
1.323750 1282
1.325000 1284
1.326250 1285
1.327500 1286
1.328750 1287
1.330000 1288
1.331250 1290
1.332500 1291
1.333750 1292
1.335000 1293
1.336250 1294
1.337500 1296
1.338750 1297
1.340000 1298
1.341250 1299
1.342500 1300
1.343750 1302
1.345000 1303
1.346250 1304
1.347500 1305
1.348750 1306
1.350000 1308
1.351250 1309
1.352500 1310
1.353750 1311
1.355000 1312
1.356250 1314
1.357500 1315
1.358750 1316
1.360000 1317
1.361250 1318
1.362500 1319
1.363750 1321
1.365000 1322
1.366250 1323
1.367500 1324
1.368750 1325
1.370000 1327
1.371250 1328
1.372500 1329
1.373750 1330
1.375000 1331
1.376250 1333
1.377500 1334
1.378750 1335
1.380000 1336
1.381250 1337
1.382500 1339
1.383750 1340
1.385000 1341
1.386250 1342
1.387500 1343
1.388750 1345
1.390000 1346
1.391250 1347
1.392500 1348
1.393750 1349
1.395000 1350
1.396250 1352
1.397500 1353
1.398750 1354
1.400000 1355
1.401250 1356
1.402500 1358
1.403750 1359
1.405000 1360
1.406250 1361
1.407500 1362
1.408750 1364
1.410000 1365
1.411250 1366
1.412500 1367
1.413750 1368
1.415000 1370
1.416250 1371
1.417500 1372
1.418750 1373
1.420000 1374
1.421250 1376
1.422500 1377
1.423750 1378
1.425000 1379
1.426250 1380
1.427500 1381
1.428750 1383
1.430000 1384
1.431250 1385
1.432500 1386
1.433750 1387
1.435000 1389
1.436250 1390
1.437500 1391
1.438750 1392
1.440000 1393
1.441250 1395
1.442500 1396
1.443750 1397
1.445000 1398
1.446250 1399
1.447500 1400
1.448750 1402
1.450000 1403
1.451250 1404
1.452500 1405
1.453750 1406
1.455000 1408
1.456250 1409
1.457500 1410
1.458750 1411
1.460000 1412
1.461250 1414
1.462500 1415
1.463750 1416
1.465000 1417
1.466250 1418
1.467500 1420
1.468750 1421
1.470000 1422
1.471250 1423
1.472500 1424
1.473750 1425
1.475000 1427
1.476250 1428
1.477500 1429
1.478750 1430
1.480000 1431
1.481250 1433
1.482500 1434
1.483750 1435
1.485000 1436
1.486250 1437
1.487500 1439
1.488750 1440
1.490000 1441
1.491250 1442
1.492500 1443
1.493750 1444
1.495000 1446
1.496250 1447
1.497500 1448
1.498750 1449
1.500000 1450
1.501250 1452
1.502500 1453
1.503750 1454
1.505000 1455
1.506250 1456
1.507500 1458
1.508750 1459
1.510000 1460
1.511250 1461
1.512500 1462
1.513750 1463
1.515000 1465
1.516250 1466
1.517500 1467
1.518750 1468
1.520000 1469
1.521250 1471
1.522500 1472
1.523750 1473
1.525000 1474
1.526250 1475
1.527500 1477
1.528750 1478
1.530000 1479
1.531250 1480
1.532500 1481
1.533750 1482
1.535000 1484
1.536250 1485
1.537500 1486
1.538750 1487
1.540000 1488
1.541250 1490
1.542500 1491
1.543750 1492
1.545000 1493
1.546250 1494
1.547500 1496
1.548750 1497
1.550000 1498
1.551250 1499
1.552500 1500
1.553750 1501
1.555000 1503
1.556250 1504
1.557500 1505
1.558750 1506
1.560000 1507
1.561250 1509
1.562500 1510
1.563750 1511
1.565000 1512
1.566250 1513
1.567500 1515
1.568750 1516
1.570000 1517
1.571250 1518
1.572500 1519
1.573750 1520
1.575000 1522
1.576250 1523
1.577500 1524
1.578750 1525
1.580000 1526
1.581250 1528
1.582500 1529
1.583750 1530
1.585000 1531
1.586250 1532
1.587500 1533
1.588750 1535
1.590000 1536
1.591250 1537
1.592500 1538
1.593750 1539
1.595000 1541
1.596250 1542
1.597500 1543
1.598750 1544
1.600000 1545
1.601250 1546
1.602500 1548
1.603750 1549
1.605000 1550
1.606250 1551
1.607500 1552
1.608750 1554
1.610000 1555
1.611250 1556
1.612500 1557
1.613750 1558
1.615000 1559
1.616250 1561
1.617500 1562
1.618750 1563
1.620000 1564
1.621250 1565
1.622500 1567
1.623750 1568
1.625000 1569
1.626250 1570
1.627500 1571
1.628750 1573
1.630000 1574
1.631250 1575
1.632500 1576
1.633750 1577
1.635000 1578
1.636250 1580
1.637500 1581
1.638750 1582
1.640000 1583
1.641250 1584
1.642500 1586
1.643750 1587
1.645000 1588
1.646250 1589
1.647500 1590
1.648750 1591
1.650000 1593
1.651250 1594
1.652500 1595
1.653750 1596
1.655000 1597
1.656250 1599
1.657500 1600
1.658750 1601
1.660000 1602
1.661250 1603
1.662500 1604
1.663750 1606
1.665000 1607
1.666250 1608
1.667500 1609
1.668750 1610
1.670000 1612
1.671250 1613
1.672500 1614
1.673750 1615
1.675000 1616
1.676250 1617
1.677500 1619
1.678750 1620
1.680000 1621
1.681250 1622
1.682500 1623
1.683750 1624
1.685000 1626
1.686250 1627
1.687500 1628
1.688750 1629
1.690000 1630
1.691250 1632
1.692500 1633
1.693750 1634
1.695000 1635
1.696250 1636
1.697500 1637
1.698750 1639
1.700000 1640
1.701250 1641
1.702500 1642
1.703750 1643
1.705000 1645
1.706250 1646
1.707500 1647
1.708750 1648
1.710000 1649
1.711250 1650
1.712500 1652
1.713750 1653
1.715000 1654
1.716250 1655
1.717500 1656
1.718750 1658
1.720000 1659
1.721250 1660
1.722500 1661
1.723750 1662
1.725000 1663
1.726250 1665
1.727500 1666
1.728750 1667
1.730000 1668
1.731250 1669
1.732500 1670
1.733750 1672
1.735000 1673
1.736250 1674
1.737500 1675
1.738750 1676
1.740000 1678
1.741250 1679
1.742500 1680
1.743750 1681
1.745000 1682
1.746250 1683
1.747500 1685
1.748750 1686
1.750000 1687
1.751250 1688
1.752500 1689
1.753750 1691
1.755000 1692
1.756250 1693
1.757500 1694
1.758750 1695
1.760000 1696
1.761250 1698
1.762500 1699
1.763750 1700
1.765000 1701
1.766250 1702
1.767500 1703
1.768750 1705
1.770000 1706
1.771250 1707
1.772500 1708
1.773750 1709
1.775000 1711
1.776250 1712
1.777500 1713
1.778750 1714
1.780000 1715
1.781250 1716
1.782500 1718
1.783750 1719
1.785000 1720
1.786250 1721
1.787500 1722
1.788750 1723
1.790000 1725
1.791250 1726
1.792500 1727
1.793750 1728
1.795000 1729
1.796250 1730
1.797500 1732
1.798750 1733
1.800000 1734
1.801250 1735
1.802500 1736
1.803750 1738
1.805000 1739
1.806250 1740
1.807500 1741
1.808750 1742
1.810000 1743
1.811250 1745
1.812500 1746
1.813750 1747
1.815000 1748
1.816250 1749
1.817500 1750
1.818750 1752
1.820000 1753
1.821250 1754
1.822500 1755
1.823750 1756
1.825000 1758
1.826250 1759
1.827500 1760
1.828750 1761
1.830000 1762
1.831250 1763
1.832500 1765
1.833750 1766
1.835000 1767
1.836250 1768
1.837500 1769
1.838750 1770
1.840000 1772
1.841250 1773
1.842500 1774
1.843750 1775
1.845000 1776
1.846250 1777
1.847500 1779
1.848750 1780
1.850000 1781
1.851250 1782
1.852500 1783
1.853750 1785
1.855000 1786
1.856250 1787
1.857500 1788
1.858750 1789
1.860000 1790
1.861250 1792
1.862500 1793
1.863750 1794
1.865000 1795
1.866250 1796
1.867500 1797
1.868750 1799
1.870000 1800
1.871250 1801
1.872500 1802
1.873750 1803
1.875000 1804
1.876250 1806
1.877500 1807
1.878750 1808
1.880000 1809
1.881250 1810
1.882500 1811
1.883750 1813
1.885000 1814
1.886250 1815
1.887500 1816
1.888750 1817
1.890000 1818
1.891250 1820
1.892500 1821
1.893750 1822
1.895000 1823
1.896250 1824
1.897500 1826
1.898750 1827
1.900000 1828
1.901250 1829
1.902500 1830
1.903750 1831
1.905000 1833
1.906250 1834
1.907500 1835
1.908750 1836
1.910000 1837
1.911250 1838
1.912500 1840
1.913750 1841
1.915000 1842
1.916250 1843
1.917500 1844
1.918750 1845
1.920000 1847
1.921250 1848
1.922500 1849
1.923750 1850
1.925000 1851
1.926250 1852
1.927500 1854
1.928750 1855
1.930000 1856
1.931250 1857
1.932500 1858
1.933750 1859
1.935000 1861
1.936250 1862
1.937500 1863
1.938750 1864
1.940000 1865
1.941250 1866
1.942500 1868
1.943750 1869
1.945000 1870
1.946250 1871
1.947500 1872
1.948750 1873
1.950000 1875
1.951250 1876
1.952500 1877
1.953750 1878
1.955000 1879
1.956250 1880
1.957500 1882
1.958750 1883
1.960000 1884
1.961250 1885
1.962500 1886
1.963750 1887
1.965000 1889
1.966250 1890
1.967500 1891
1.968750 1892
1.970000 1893
1.971250 1894
1.972500 1896
1.973750 1897
1.975000 1898
1.976250 1899
1.977500 1900
1.978750 1901
1.980000 1903
1.981250 1904
1.982500 1905
1.983750 1906
1.985000 1907
1.986250 1908
1.987500 1910
1.988750 1911
1.990000 1912
1.991250 1913
1.992500 1914
1.993750 1915
1.995000 1917
1.996250 1918
1.997500 1919
1.998750 1920
2.000000 1921
2.001250 1922
2.002500 1924
2.003750 1925
2.005000 1926
2.006250 1927
2.007500 1928
2.008750 1929
2.010000 1931
2.011250 1932
2.012500 1933
2.013750 1934
2.015000 1935
2.016250 1936
2.017500 1938
2.018750 1939
2.020000 1940
2.021250 1941
2.022500 1942
2.023750 1943
2.025000 1945
2.026250 1946
2.027500 1947
2.028750 1948
2.030000 1949
2.031250 1950
2.032500 1952
2.033750 1953
2.035000 1954
2.036250 1955
2.037500 1956
2.038750 1957
2.040000 1959
2.041250 1960
2.042500 1961
2.043750 1962
2.045000 1963
2.046250 1964
2.047500 1966
2.048750 1967
2.050000 1968
2.051250 1969
2.052500 1970
2.053750 1971
2.055000 1973
2.056250 1974
2.057500 1975
2.058750 1976
2.060000 1977
2.061250 1978
2.062500 1979
2.063750 1981
2.065000 1982
2.066250 1983
2.067500 1984
2.068750 1985
2.070000 1986
2.071250 1988
2.072500 1989
2.073750 1990
2.075000 1991
2.076250 1992
2.077500 1993
2.078750 1995
2.080000 1996
2.081250 1997
2.082500 1998
2.083750 1999
2.085000 2000
2.086250 2002
2.087500 2003
2.088750 2004
2.090000 2005
2.091250 2006
2.092500 2007
2.093750 2009
2.095000 2010
2.096250 2011
2.097500 2012
2.098750 2013
2.100000 2014
2.101250 2016
2.102500 2017
2.103750 2018
2.105000 2019
2.106250 2020
2.107500 2021
2.108750 2022
2.110000 2024
2.111250 2025
2.112500 2026
2.113750 2027
2.115000 2028
2.116250 2029
2.117500 2031
2.118750 2032
2.120000 2033
2.121250 2034
2.122500 2035
2.123750 2036
2.125000 2038
2.126250 2039
2.127500 2040
2.128750 2041
2.130000 2042
2.131250 2043
2.132500 2044
2.133750 2046
2.135000 2047
2.136250 2048
2.137500 2049
2.138750 2050
2.140000 2051
2.141250 2053
2.142500 2054
2.143750 2055
2.145000 2056
2.146250 2057
2.147500 2058
2.148750 2060
2.150000 2061
2.151250 2062
2.152500 2063
2.153750 2064
2.155000 2065
2.156250 2066
2.157500 2068
2.158750 2069
2.160000 2070
2.161250 2071
2.162500 2072
2.163750 2073
2.165000 2075
2.166250 2076
2.167500 2077
2.168750 2078
2.170000 2079
2.171250 2080
2.172500 2082
2.173750 2083
2.175000 2084
2.176250 2085
2.177500 2086
2.178750 2087
2.180000 2088
2.181250 2090
2.182500 2091
2.183750 2092
2.185000 2093
2.186250 2094
2.187500 2095
2.188750 2097
2.190000 2098
2.191250 2099
2.192500 2100
2.193750 2101
2.195000 2102
2.196250 2104
2.197500 2105
2.198750 2106
2.200000 2107
2.201250 2108
2.202500 2109
2.203750 2110
2.205000 2112
2.206250 2113
2.207500 2114
2.208750 2115
2.210000 2116
2.211250 2117
2.212500 2119
2.213750 2120
2.215000 2121
2.216250 2122
2.217500 2123
2.218750 2124
2.220000 2125
2.221250 2127
2.222500 2128
2.223750 2129
2.225000 2130
2.226250 2131
2.227500 2132
2.228750 2134
2.230000 2135
2.231250 2136
2.232500 2137
2.233750 2138
2.235000 2139
2.236250 2140
2.237500 2142
2.238750 2143
2.240000 2144
2.241250 2145
2.242500 2146
2.243750 2147
2.245000 2149
2.246250 2150
2.247500 2151
2.248750 2152
2.250000 2153
2.251250 2154
2.252500 2155
2.253750 2157
2.255000 2158
2.256250 2159
2.257500 2160
2.258750 2161
2.260000 2162
2.261250 2164
2.262500 2165
2.263750 2166
2.265000 2167
2.266250 2168
2.267500 2169
2.268750 2170
2.270000 2172
2.271250 2173
2.272500 2174
2.273750 2175
2.275000 2176
2.276250 2177
2.277500 2178
2.278750 2180
2.280000 2181
2.281250 2182
2.282500 2183
2.283750 2184
2.285000 2185
2.286250 2187
2.287500 2188
2.288750 2189
2.290000 2190
2.291250 2191
2.292500 2192
2.293750 2193
2.295000 2195
2.296250 2196
2.297500 2197
2.298750 2198
2.300000 2199
2.301250 2200
2.302500 2201
2.303750 2203
2.305000 2204
2.306250 2205
2.307500 2206
2.308750 2207
2.310000 2208
2.311250 2210
2.312500 2211
2.313750 2212
2.315000 2213
2.316250 2214
2.317500 2215
2.318750 2216
2.320000 2218
2.321250 2219
2.322500 2220
2.323750 2221
2.325000 2222
2.326250 2223
2.327500 2224
2.328750 2226
2.330000 2227
2.331250 2228
2.332500 2229
2.333750 2230
2.335000 2231
2.336250 2232
2.337500 2234
2.338750 2235
2.340000 2236
2.341250 2237
2.342500 2238
2.343750 2239
2.345000 2241
2.346250 2242
2.347500 2243
2.348750 2244
2.350000 2245
2.351250 2246
2.352500 2247
2.353750 2249
2.355000 2250
2.356250 2251
2.357500 2252
2.358750 2253
2.360000 2254
2.361250 2255
2.362500 2257
2.363750 2258
2.365000 2259
2.366250 2260
2.367500 2261
2.368750 2262
2.370000 2263
2.371250 2265
2.372500 2266
2.373750 2267
2.375000 2268
2.376250 2269
2.377500 2270
2.378750 2271
2.380000 2273
2.381250 2274
2.382500 2275
2.383750 2276
2.385000 2277
2.386250 2278
2.387500 2279
2.388750 2281
2.390000 2282
2.391250 2283
2.392500 2284
2.393750 2285
2.395000 2286
2.396250 2288
2.397500 2289
2.398750 2290
2.400000 2291
2.401250 2292
2.402500 2293
2.403750 2294
2.405000 2296
2.406250 2297
2.407500 2298
2.408750 2299
2.410000 2300
2.411250 2301
2.412500 2302
2.413750 2304
2.415000 2305
2.416250 2306
2.417500 2307
2.418750 2308
2.420000 2309
2.421250 2310
2.422500 2312
2.423750 2313
2.425000 2314
2.426250 2315
2.427500 2316
2.428750 2317
2.430000 2318
2.431250 2320
2.432500 2321
2.433750 2322
2.435000 2323
2.436250 2324
2.437500 2325
2.438750 2326
2.440000 2328
2.441250 2329
2.442500 2330
2.443750 2331
2.445000 2332
2.446250 2333
2.447500 2334
2.448750 2336
2.450000 2337
2.451250 2338
2.452500 2339
2.453750 2340
2.455000 2341
2.456250 2342
2.457500 2343
2.458750 2345
2.460000 2346
2.461250 2347
2.462500 2348
2.463750 2349
2.465000 2350
2.466250 2351
2.467500 2353
2.468750 2354
2.470000 2355
2.471250 2356
2.472500 2357
2.473750 2358
2.475000 2359
2.476250 2361
2.477500 2362
2.478750 2363
2.480000 2364
2.481250 2365
2.482500 2366
2.483750 2367
2.485000 2369
2.486250 2370
2.487500 2371
2.488750 2372
2.490000 2373
2.491250 2374
2.492500 2375
2.493750 2377
2.495000 2378
2.496250 2379
2.497500 2380
2.498750 2381
2.500000 2382
2.501250 2383
2.502500 2385
2.503750 2386
2.505000 2387
2.506250 2388
2.507500 2389
2.508750 2390
2.510000 2391
2.511250 2392
2.512500 2394
2.513750 2395
2.515000 2396
2.516250 2397
2.517500 2398
2.518750 2399
2.520000 2400
2.521250 2402
2.522500 2403
2.523750 2404
2.525000 2405
2.526250 2406
2.527500 2407
2.528750 2408
2.530000 2410
2.531250 2411
2.532500 2412
2.533750 2413
2.535000 2414
2.536250 2415
2.537500 2416
2.538750 2418
2.540000 2419
2.541250 2420
2.542500 2421
2.543750 2422
2.545000 2423
2.546250 2424
2.547500 2425
2.548750 2427
2.550000 2428
2.551250 2429
2.552500 2430
2.553750 2431
2.555000 2432
2.556250 2433
2.557500 2435
2.558750 2436
2.560000 2437
2.561250 2438
2.562500 2439
2.563750 2440
2.565000 2441
2.566250 2442
2.567500 2444
2.568750 2445
2.570000 2446
2.571250 2447
2.572500 2448
2.573750 2449
2.575000 2450
2.576250 2452
2.577500 2453
2.578750 2454
2.580000 2455
2.581250 2456
2.582500 2457
2.583750 2458
2.585000 2459
2.586250 2461
2.587500 2462
2.588750 2463
2.590000 2464
2.591250 2465
2.592500 2466
2.593750 2467
2.595000 2469
2.596250 2470
2.597500 2471
2.598750 2472
2.600000 2473
2.601250 2474
2.602500 2475
2.603750 2476
2.605000 2478
2.606250 2479
2.607500 2480
2.608750 2481
2.610000 2482
2.611250 2483
2.612500 2484
2.613750 2486
2.615000 2487
2.616250 2488
2.617500 2489
2.618750 2490
2.620000 2491
2.621250 2492
2.622500 2493
2.623750 2495
2.625000 2496
2.626250 2497
2.627500 2498
2.628750 2499
2.630000 2500
2.631250 2501
2.632500 2503
2.633750 2504
2.635000 2505
2.636250 2506
2.637500 2507
2.638750 2508
2.640000 2509
2.641250 2510
2.642500 2512
2.643750 2513
2.645000 2514
2.646250 2515
2.647500 2516
2.648750 2517
2.650000 2518
2.651250 2519
2.652500 2521
2.653750 2522
2.655000 2523
2.656250 2524
2.657500 2525
2.658750 2526
2.660000 2527
2.661250 2528
2.662500 2530
2.663750 2531
2.665000 2532
2.666250 2533
2.667500 2534
2.668750 2535
2.670000 2536
2.671250 2538
2.672500 2539
2.673750 2540
2.675000 2541
2.676250 2542
2.677500 2543
2.678750 2544
2.680000 2545
2.681250 2547
2.682500 2548
2.683750 2549
2.685000 2550
2.686250 2551
2.687500 2552
2.688750 2553
2.690000 2554
2.691250 2556
2.692500 2557
2.693750 2558
2.695000 2559
2.696250 2560
2.697500 2561
2.698750 2562
2.700000 2563
2.701250 2565
2.702500 2566
2.703750 2567
2.705000 2568
2.706250 2569
2.707500 2570
2.708750 2571
2.710000 2572
2.711250 2574
2.712500 2575
2.713750 2576
2.715000 2577
2.716250 2578
2.717500 2579
2.718750 2580
2.720000 2581
2.721250 2583
2.722500 2584
2.723750 2585
2.725000 2586
2.726250 2587
2.727500 2588
2.728750 2589
2.730000 2590
2.731250 2592
2.732500 2593
2.733750 2594
2.735000 2595
2.736250 2596
2.737500 2597
2.738750 2598
2.740000 2599
2.741250 2601
2.742500 2602
2.743750 2603
2.745000 2604
2.746250 2605
2.747500 2606
2.748750 2607
2.750000 2608
2.751250 2610
2.752500 2611
2.753750 2612
2.755000 2613
2.756250 2614
2.757500 2615
2.758750 2616
2.760000 2617
2.761250 2619
2.762500 2620
2.763750 2621
2.765000 2622
2.766250 2623
2.767500 2624
2.768750 2625
2.770000 2626
2.771250 2628
2.772500 2629
2.773750 2630
2.775000 2631
2.776250 2632
2.777500 2633
2.778750 2634
2.780000 2635
2.781250 2636
2.782500 2638
2.783750 2639
2.785000 2640
2.786250 2641
2.787500 2642
2.788750 2643
2.790000 2644
2.791250 2645
2.792500 2647
2.793750 2648
2.795000 2649
2.796250 2650
2.797500 2651
2.798750 2652
2.800000 2653
2.801250 2654
2.802500 2656
2.803750 2657
2.805000 2658
2.806250 2659
2.807500 2660
2.808750 2661
2.810000 2662
2.811250 2663
2.812500 2665
2.813750 2666
2.815000 2667
2.816250 2668
2.817500 2669
2.818750 2670
2.820000 2671
2.821250 2672
2.822500 2673
2.823750 2675
2.825000 2676
2.826250 2677
2.827500 2678
2.828750 2679
2.830000 2680
2.831250 2681
2.832500 2682
2.833750 2684
2.835000 2685
2.836250 2686
2.837500 2687
2.838750 2688
2.840000 2689
2.841250 2690
2.842500 2691
2.843750 2692
2.845000 2694
2.846250 2695
2.847500 2696
2.848750 2697
2.850000 2698
2.851250 2699
2.852500 2700
2.853750 2701
2.855000 2703
2.856250 2704
2.857500 2705
2.858750 2706
2.860000 2707
2.861250 2708
2.862500 2709
2.863750 2710
2.865000 2711
2.866250 2713
2.867500 2714
2.868750 2715
2.870000 2716
2.871250 2717
2.872500 2718
2.873750 2719
2.875000 2720
2.876250 2721
2.877500 2723
2.878750 2724
2.880000 2725
2.881250 2726
2.882500 2727
2.883750 2728
2.885000 2729
2.886250 2730
2.887500 2732
2.888750 2733
2.890000 2734
2.891250 2735
2.892500 2736
2.893750 2737
2.895000 2738
2.896250 2739
2.897500 2740
2.898750 2742
2.900000 2743
2.901250 2744
2.902500 2745
2.903750 2746
2.905000 2747
2.906250 2748
2.907500 2749
2.908750 2750
2.910000 2752
2.911250 2753
2.912500 2754
2.913750 2755
2.915000 2756
2.916250 2757
2.917500 2758
2.918750 2759
2.920000 2760
2.921250 2762
2.922500 2763
2.923750 2764
2.925000 2765
2.926250 2766
2.927500 2767
2.928750 2768
2.930000 2769
2.931250 2770
2.932500 2772
2.933750 2773
2.935000 2774
2.936250 2775
2.937500 2776
2.938750 2777
2.940000 2778
2.941250 2779
2.942500 2780
2.943750 2782
2.945000 2783
2.946250 2784
2.947500 2785
2.948750 2786
2.950000 2787
2.951250 2788
2.952500 2789
2.953750 2790
2.955000 2792
2.956250 2793
2.957500 2794
2.958750 2795
2.960000 2796
2.961250 2797
2.962500 2798
2.963750 2799
2.965000 2800
2.966250 2802
2.967500 2803
2.968750 2804
2.970000 2805
2.971250 2806
2.972500 2807
2.973750 2808
2.975000 2809
2.976250 2810
2.977500 2812
2.978750 2813
2.980000 2814
2.981250 2815
2.982500 2816
2.983750 2817
2.985000 2818
2.986250 2819
2.987500 2820
2.988750 2822
2.990000 2823
2.991250 2824
2.992500 2825
2.993750 2826
2.995000 2827
2.996250 2828
2.997500 2829
2.998750 2830
3.000000 2832
3.001250 2833
3.002500 2834
3.003750 2835
3.005000 2836
3.006250 2837
3.007500 2838
3.008750 2839
3.010000 2840
3.011250 2841
3.012500 2843
3.013750 2844
3.015000 2845
3.016250 2846
3.017500 2847
3.018750 2848
3.020000 2849
3.021250 2850
3.022500 2851
3.023750 2853
3.025000 2854
3.026250 2855
3.027500 2856
3.028750 2857
3.030000 2858
3.031250 2859
3.032500 2860
3.033750 2861
3.035000 2862
3.036250 2864
3.037500 2865
3.038750 2866
3.040000 2867
3.041250 2868
3.042500 2869
3.043750 2870
3.045000 2871
3.046250 2872
3.047500 2874
3.048750 2875
3.050000 2876
3.051250 2877
3.052500 2878
3.053750 2879
3.055000 2880
3.056250 2881
3.057500 2882
3.058750 2883
3.060000 2885
3.061250 2886
3.062500 2887
3.063750 2888
3.065000 2889
3.066250 2890
3.067500 2891
3.068750 2892
3.070000 2893
3.071250 2894
3.072500 2896
3.073750 2897
3.075000 2898
3.076250 2899
3.077500 2900
3.078750 2901
3.080000 2902
3.081250 2903
3.082500 2904
3.083750 2906
3.085000 2907
3.086250 2908
3.087500 2909
3.088750 2910
3.090000 2911
3.091250 2912
3.092500 2913
3.093750 2914
3.095000 2915
3.096250 2917
3.097500 2918
3.098750 2919
3.100000 2920
3.101250 2921
3.102500 2922
3.103750 2923
3.105000 2924
3.106250 2925
3.107500 2926
3.108750 2928
3.110000 2929
3.111250 2930
3.112500 2931
3.113750 2932
3.115000 2933
3.116250 2934
3.117500 2935
3.118750 2936
3.120000 2937
3.121250 2939
3.122500 2940
3.123750 2941
3.125000 2942
3.126250 2943
3.127500 2944
3.128750 2945
3.130000 2946
3.131250 2947
3.132500 2948
3.133750 2950
3.135000 2951
3.136250 2952
3.137500 2953
3.138750 2954
3.140000 2955
3.141250 2956
3.142500 2957
3.143750 2958
3.145000 2959
3.146250 2961
3.147500 2962
3.148750 2963
3.150000 2964
3.151250 2965
3.152500 2966
3.153750 2967
3.155000 2968
3.156250 2969
3.157500 2970
3.158750 2971
3.160000 2973
3.161250 2974
3.162500 2975
3.163750 2976
3.165000 2977
3.166250 2978
3.167500 2979
3.168750 2980
3.170000 2981
3.171250 2982
3.172500 2984
3.173750 2985
3.175000 2986
3.176250 2987
3.177500 2988
3.178750 2989
3.180000 2990
3.181250 2991
3.182500 2992
3.183750 2993
3.185000 2994
3.186250 2996
3.187500 2997
3.188750 2998
3.190000 2999
3.191250 3000
3.192500 3001
3.193750 3002
3.195000 3003
3.196250 3004
3.197500 3005
3.198750 3007
3.200000 3008
3.201250 3009
3.202500 3010
3.203750 3011
3.205000 3012
3.206250 3013
3.207500 3014
3.208750 3015
3.210000 3016
3.211250 3017
3.212500 3019
3.213750 3020
3.215000 3021
3.216250 3022
3.217500 3023
3.218750 3024
3.220000 3025
3.221250 3026
3.222500 3027
3.223750 3028
3.225000 3029
3.226250 3031
3.227500 3032
3.228750 3033
3.230000 3034
3.231250 3035
3.232500 3036
3.233750 3037
3.235000 3038
3.236250 3039
3.237500 3040
3.238750 3042
3.240000 3043
3.241250 3044
3.242500 3045
3.243750 3046
3.245000 3047
3.246250 3048
3.247500 3049
3.248750 3050
3.250000 3051
3.251250 3052
3.252500 3054
3.253750 3055
3.255000 3056
3.256250 3057
3.257500 3058
3.258750 3059
3.260000 3060
3.261250 3061
3.262500 3062
3.263750 3063
3.265000 3064
3.266250 3065
3.267500 3067
3.268750 3068
3.270000 3069
3.271250 3070
3.272500 3071
3.273750 3072
3.275000 3073
3.276250 3074
3.277500 3075
3.278750 3076
3.280000 3077
3.281250 3079
3.282500 3080
3.283750 3081
3.285000 3082
3.286250 3083
3.287500 3084
3.288750 3085
3.290000 3086
3.291250 3087
3.292500 3088
3.293750 3089
3.295000 3091
3.296250 3092
3.297500 3093
3.298750 3094
3.300000 3095
3.301250 3096
3.302500 3097
3.303750 3098
3.305000 3099
3.306250 3100
3.307500 3101
3.308750 3102
3.310000 3104
3.311250 3105
3.312500 3106
3.313750 3107
3.315000 3108
3.316250 3109
3.317500 3110
3.318750 3111
3.320000 3112
3.321250 3113
3.322500 3114
3.323750 3116
3.325000 3117
3.326250 3118
3.327500 3119
3.328750 3120
3.330000 3121
3.331250 3122
3.332500 3123
3.333750 3124
3.335000 3125
3.336250 3126
3.337500 3127
3.338750 3129
3.340000 3130
3.341250 3131
3.342500 3132
3.343750 3133
3.345000 3134
3.346250 3135
3.347500 3136
3.348750 3137
3.350000 3138
3.351250 3139
3.352500 3140
3.353750 3142
3.355000 3143
3.356250 3144
3.357500 3145
3.358750 3146
3.360000 3147
3.361250 3148
3.362500 3149
3.363750 3150
3.365000 3151
3.366250 3152
3.367500 3153
3.368750 3155
3.370000 3156
3.371250 3157
3.372500 3158
3.373750 3159
3.375000 3160
3.376250 3161
3.377500 3162
3.378750 3163
3.380000 3164
3.381250 3165
3.382500 3166
3.383750 3168
3.385000 3169
3.386250 3170
3.387500 3171
3.388750 3172
3.390000 3173
3.391250 3174
3.392500 3175
3.393750 3176
3.395000 3177
3.396250 3178
3.397500 3179
3.398750 3181
3.400000 3182
3.401250 3183
3.402500 3184
3.403750 3185
3.405000 3186
3.406250 3187
3.407500 3188
3.408750 3189
3.410000 3190
3.411250 3191
3.412500 3192
3.413750 3193
3.415000 3195
3.416250 3196
3.417500 3197
3.418750 3198
3.420000 3199
3.421250 3200
3.422500 3201
3.423750 3202
3.425000 3203
3.426250 3204
3.427500 3205
3.428750 3206
3.430000 3207
3.431250 3209
3.432500 3210
3.433750 3211
3.435000 3212
3.436250 3213
3.437500 3214
3.438750 3215
3.440000 3216
3.441250 3217
3.442500 3218
3.443750 3219
3.445000 3220
3.446250 3222
3.447500 3223
3.448750 3224
3.450000 3225
3.451250 3226
3.452500 3227
3.453750 3228
3.455000 3229
3.456250 3230
3.457500 3231
3.458750 3232
3.460000 3233
3.461250 3234
3.462500 3236
3.463750 3237
3.465000 3238
3.466250 3239
3.467500 3240
3.468750 3241
3.470000 3242
3.471250 3243
3.472500 3244
3.473750 3245
3.475000 3246
3.476250 3247
3.477500 3248
3.478750 3249
3.480000 3251
3.481250 3252
3.482500 3253
3.483750 3254
3.485000 3255
3.486250 3256
3.487500 3257
3.488750 3258
3.490000 3259
3.491250 3260
3.492500 3261
3.493750 3262
3.495000 3263
3.496250 3265
3.497500 3266
3.498750 3267
3.500000 3268
3.501250 3269
3.502500 3270
3.503750 3271
3.505000 3272
3.506250 3273
3.507500 3274
3.508750 3275
3.510000 3276
3.511250 3277
3.512500 3278
3.513750 3280
3.515000 3281
3.516250 3282
3.517500 3283
3.518750 3284
3.520000 3285
3.521250 3286
3.522500 3287
3.523750 3288
3.525000 3289
3.526250 3290
3.527500 3291
3.528750 3292
3.530000 3293
3.531250 3295
3.532500 3296
3.533750 3297
3.535000 3298
3.536250 3299
3.537500 3300
3.538750 3301
3.540000 3302
3.541250 3303
3.542500 3304
3.543750 3305
3.545000 3306
3.546250 3307
3.547500 3308
3.548750 3310
3.550000 3311
3.551250 3312
3.552500 3313
3.553750 3314
3.555000 3315
3.556250 3316
3.557500 3317
3.558750 3318
3.560000 3319
3.561250 3320
3.562500 3321
3.563750 3322
3.565000 3323
3.566250 3325
3.567500 3326
3.568750 3327
3.570000 3328
3.571250 3329
3.572500 3330
3.573750 3331
3.575000 3332
3.576250 3333
3.577500 3334
3.578750 3335
3.580000 3336
3.581250 3337
3.582500 3338
3.583750 3339
3.585000 3341
3.586250 3342
3.587500 3343
3.588750 3344
3.590000 3345
3.591250 3346
3.592500 3347
3.593750 3348
3.595000 3349
3.596250 3350
3.597500 3351
3.598750 3352
3.600000 3353
3.601250 3354
3.602500 3355
3.603750 3357
3.605000 3358
3.606250 3359
3.607500 3360
3.608750 3361
3.610000 3362
3.611250 3363
3.612500 3364
3.613750 3365
3.615000 3366
3.616250 3367
3.617500 3368
3.618750 3369
3.620000 3370
3.621250 3371
3.622500 3373
3.623750 3374
3.625000 3375
3.626250 3376
3.627500 3377
3.628750 3378
3.630000 3379
3.631250 3380
3.632500 3381
3.633750 3382
3.635000 3383
3.636250 3384
3.637500 3385
3.638750 3386
3.640000 3387
3.641250 3388
3.642500 3390
3.643750 3391
3.645000 3392
3.646250 3393
3.647500 3394
3.648750 3395
3.650000 3396
3.651250 3397
3.652500 3398
3.653750 3399
3.655000 3400
3.656250 3401
3.657500 3402
3.658750 3403
3.660000 3404
3.661250 3405
3.662500 3407
3.663750 3408
3.665000 3409
3.666250 3410
3.667500 3411
3.668750 3412
3.670000 3413
3.671250 3414
3.672500 3415
3.673750 3416
3.675000 3417
3.676250 3418
3.677500 3419
3.678750 3420
3.680000 3421
3.681250 3422
3.682500 3424
3.683750 3425
3.685000 3426
3.686250 3427
3.687500 3428
3.688750 3429
3.690000 3430
3.691250 3431
3.692500 3432
3.693750 3433
3.695000 3434
3.696250 3435
3.697500 3436
3.698750 3437
3.700000 3438
3.701250 3439
3.702500 3440
3.703750 3442
3.705000 3443
3.706250 3444
3.707500 3445
3.708750 3446
3.710000 3447
3.711250 3448
3.712500 3449
3.713750 3450
3.715000 3451
3.716250 3452
3.717500 3453
3.718750 3454
3.720000 3455
3.721250 3456
3.722500 3457
3.723750 3458
3.725000 3460
3.726250 3461
3.727500 3462
3.728750 3463
3.730000 3464
3.731250 3465
3.732500 3466
3.733750 3467
3.735000 3468
3.736250 3469
3.737500 3470
3.738750 3471
3.740000 3472
3.741250 3473
3.742500 3474
3.743750 3475
3.745000 3476
3.746250 3478
3.747500 3479
3.748750 3480
3.750000 3481
3.751250 3482
3.752500 3483
3.753750 3484
3.755000 3485
3.756250 3486
3.757500 3487
3.758750 3488
3.760000 3489
3.761250 3490
3.762500 3491
3.763750 3492
3.765000 3493
3.766250 3494
3.767500 3495
3.768750 3497
3.770000 3498
3.771250 3499
3.772500 3500
3.773750 3501
3.775000 3502
3.776250 3503
3.777500 3504
3.778750 3505
3.780000 3506
3.781250 3507
3.782500 3508
3.783750 3509
3.785000 3510
3.786250 3511
3.787500 3512
3.788750 3513
3.790000 3514
3.791250 3515
3.792500 3517
3.793750 3518
3.795000 3519
3.796250 3520
3.797500 3521
3.798750 3522
3.800000 3523
3.801250 3524
3.802500 3525
3.803750 3526
3.805000 3527
3.806250 3528
3.807500 3529
3.808750 3530
3.810000 3531
3.811250 3532
3.812500 3533
3.813750 3534
3.815000 3535
3.816250 3537
3.817500 3538
3.818750 3539
3.820000 3540
3.821250 3541
3.822500 3542
3.823750 3543
3.825000 3544
3.826250 3545
3.827500 3546
3.828750 3547
3.830000 3548
3.831250 3549
3.832500 3550
3.833750 3551
3.835000 3552
3.836250 3553
3.837500 3554
3.838750 3555
3.840000 3556
3.841250 3558
3.842500 3559
3.843750 3560
3.845000 3561
3.846250 3562
3.847500 3563
3.848750 3564
3.850000 3565
3.851250 3566
3.852500 3567
3.853750 3568
3.855000 3569
3.856250 3570
3.857500 3571
3.858750 3572
3.860000 3573
3.861250 3574
3.862500 3575
3.863750 3576
3.865000 3577
3.866250 3578
3.867500 3580
3.868750 3581
3.870000 3582
3.871250 3583
3.872500 3584
3.873750 3585
3.875000 3586
3.876250 3587
3.877500 3588
3.878750 3589
3.880000 3590
3.881250 3591
3.882500 3592
3.883750 3593
3.885000 3594
3.886250 3595
3.887500 3596
3.888750 3597
3.890000 3598
3.891250 3599
3.892500 3600
3.893750 3602
3.895000 3603
3.896250 3604
3.897500 3605
3.898750 3606
3.900000 3607
3.901250 3608
3.902500 3609
3.903750 3610
3.905000 3611
3.906250 3612
3.907500 3613
3.908750 3614
3.910000 3615
3.911250 3616
3.912500 3617
3.913750 3618
3.915000 3619
3.916250 3620
3.917500 3621
3.918750 3622
3.920000 3623
3.921250 3624
3.922500 3626
3.923750 3627
3.925000 3628
3.926250 3629
3.927500 3630
3.928750 3631
3.930000 3632
3.931250 3633
3.932500 3634
3.933750 3635
3.935000 3636
3.936250 3637
3.937500 3638
3.938750 3639
3.940000 3640
3.941250 3641
3.942500 3642
3.943750 3643
3.945000 3644
3.946250 3645
3.947500 3646
3.948750 3647
3.950000 3648
3.951250 3650
3.952500 3651
3.953750 3652
3.955000 3653
3.956250 3654
3.957500 3655
3.958750 3656
3.960000 3657
3.961250 3658
3.962500 3659
3.963750 3660
3.965000 3661
3.966250 3662
3.967500 3663
3.968750 3664
3.970000 3665
3.971250 3666
3.972500 3667
3.973750 3668
3.975000 3669
3.976250 3670
3.977500 3671
3.978750 3672
3.980000 3673
3.981250 3674
3.982500 3676
3.983750 3677
3.985000 3678
3.986250 3679
3.987500 3680
3.988750 3681
3.990000 3682
3.991250 3683
3.992500 3684
3.993750 3685
3.995000 3686
3.996250 3687
3.997500 3688
3.998750 3689
4.000000 3690
4.001250 3691
4.002500 3692
4.003750 3693
4.005000 3694
4.006250 3695
4.007500 3696
4.008750 3697
4.010000 3698
4.011250 3699
4.012500 3700
4.013750 3701
4.015000 3703
4.016250 3704
4.017500 3705
4.018750 3706
4.020000 3707
4.021250 3708
4.022500 3709
4.023750 3710
4.025000 3711
4.026250 3712
4.027500 3713
4.028750 3714
4.030000 3715
4.031250 3716
4.032500 3717
4.033750 3718
4.035000 3719
4.036250 3720
4.037500 3721
4.038750 3722
4.040000 3723
4.041250 3724
4.042500 3725
4.043750 3726
4.045000 3727
4.046250 3728
4.047500 3729
4.048750 3730
4.050000 3732
4.051250 3733
4.052500 3734
4.053750 3735
4.055000 3736
4.056250 3737
4.057500 3738
4.058750 3739
4.060000 3740
4.061250 3741
4.062500 3742
4.063750 3743
4.065000 3744
4.066250 3745
4.067500 3746
4.068750 3747
4.070000 3748
4.071250 3749
4.072500 3750
4.073750 3751
4.075000 3752
4.076250 3753
4.077500 3754
4.078750 3755
4.080000 3756
4.081250 3757
4.082500 3758
4.083750 3759
4.085000 3760
4.086250 3761
4.087500 3763
4.088750 3764
4.090000 3765
4.091250 3766
4.092500 3767
4.093750 3768
4.095000 3769
4.096250 3770
4.097500 3771
4.098750 3772
4.100000 3773
4.101250 3774
4.102500 3775
4.103750 3776
4.105000 3777
4.106250 3778
4.107500 3779
4.108750 3780
4.110000 3781
4.111250 3782
4.112500 3783
4.113750 3784
4.115000 3785
4.116250 3786
4.117500 3787
4.118750 3788
4.120000 3789
4.121250 3790
4.122500 3791
4.123750 3792
4.125000 3793
4.126250 3794
4.127500 3795
4.128750 3797
4.130000 3798
4.131250 3799
4.132500 3800
4.133750 3801
4.135000 3802
4.136250 3803
4.137500 3804
4.138750 3805
4.140000 3806
4.141250 3807
4.142500 3808
4.143750 3809
4.145000 3810
4.146250 3811
4.147500 3812
4.148750 3813
4.150000 3814
4.151250 3815
4.152500 3816
4.153750 3817
4.155000 3818
4.156250 3819
4.157500 3820
4.158750 3821
4.160000 3822
4.161250 3823
4.162500 3824
4.163750 3825
4.165000 3826
4.166250 3827
4.167500 3828
4.168750 3829
4.170000 3830
4.171250 3831
4.172500 3832
4.173750 3833
4.175000 3835
4.176250 3836
4.177500 3837
4.178750 3838
4.180000 3839
4.181250 3840
4.182500 3841
4.183750 3842
4.185000 3843
4.186250 3844
4.187500 3845
4.188750 3846
4.190000 3847
4.191250 3848
4.192500 3849
4.193750 3850
4.195000 3851
4.196250 3852
4.197500 3853
4.198750 3854
4.200000 3855
4.201250 3856
4.202500 3857
4.203750 3858
4.205000 3859
4.206250 3860
4.207500 3861
4.208750 3862
4.210000 3863
4.211250 3864
4.212500 3865
4.213750 3866
4.215000 3867
4.216250 3868
4.217500 3869
4.218750 3870
4.220000 3871
4.221250 3872
4.222500 3873
4.223750 3874
4.225000 3875
4.226250 3876
4.227500 3878
4.228750 3879
4.230000 3880
4.231250 3881
4.232500 3882
4.233750 3883
4.235000 3884
4.236250 3885
4.237500 3886
4.238750 3887
4.240000 3888
4.241250 3889
4.242500 3890
4.243750 3891
4.245000 3892
4.246250 3893
4.247500 3894
4.248750 3895
4.250000 3896
4.251250 3897
4.252500 3898
4.253750 3899
4.255000 3900
4.256250 3901
4.257500 3902
4.258750 3903
4.260000 3904
4.261250 3905
4.262500 3906
4.263750 3907
4.265000 3908
4.266250 3909
4.267500 3910
4.268750 3911
4.270000 3912
4.271250 3913
4.272500 3914
4.273750 3915
4.275000 3916
4.276250 3917
4.277500 3918
4.278750 3919
4.280000 3920
4.281250 3921
4.282500 3922
4.283750 3923
4.285000 3924
4.286250 3925
4.287500 3926
4.288750 3927
4.290000 3928
4.291250 3929
4.292500 3931
4.293750 3932
4.295000 3933
4.296250 3934
4.297500 3935
4.298750 3936
4.300000 3937
4.301250 3938
4.302500 3939
4.303750 3940
4.305000 3941
4.306250 3942
4.307500 3943
4.308750 3944
4.310000 3945
4.311250 3946
4.312500 3947
4.313750 3948
4.315000 3949
4.316250 3950
4.317500 3951
4.318750 3952
4.320000 3953
4.321250 3954
4.322500 3955
4.323750 3956
4.325000 3957
4.326250 3958
4.327500 3959
4.328750 3960
4.330000 3961
4.331250 3962
4.332500 3963
4.333750 3964
4.335000 3965
4.336250 3966
4.337500 3967
4.338750 3968
4.340000 3969
4.341250 3970
4.342500 3971
4.343750 3972
4.345000 3973
4.346250 3974
4.347500 3975
4.348750 3976
4.350000 3977
4.351250 3978
4.352500 3979
4.353750 3980
4.355000 3981
4.356250 3982
4.357500 3983
4.358750 3984
4.360000 3985
4.361250 3986
4.362500 3987
4.363750 3988
4.365000 3989
4.366250 3990
4.367500 3991
4.368750 3992
4.370000 3993
4.371250 3994
4.372500 3995
4.373750 3996
4.375000 3997
4.376250 3998
4.377500 3999
4.378750 4000
4.380000 4001
4.381250 4003
4.382500 4004
4.383750 4005
4.385000 4006
4.386250 4007
4.387500 4008
4.388750 4009
4.390000 4010
4.391250 4011
4.392500 4012
4.393750 4013
4.395000 4014
4.396250 4015
4.397500 4016
4.398750 4017
4.400000 4018
4.401250 4019
4.402500 4020
4.403750 4021
4.405000 4022
4.406250 4023
4.407500 4024
4.408750 4025
4.410000 4026
4.411250 4027
4.412500 4028
4.413750 4029
4.415000 4030
4.416250 4031
4.417500 4032
4.418750 4033
4.420000 4034
4.421250 4035
4.422500 4036
4.423750 4037
4.425000 4038
4.426250 4039
4.427500 4040
4.428750 4041
4.430000 4042
4.431250 4043
4.432500 4044
4.433750 4045
4.435000 4046
4.436250 4047
4.437500 4048
4.438750 4049
4.440000 4050
4.441250 4051
4.442500 4052
4.443750 4053
4.445000 4054
4.446250 4055
4.447500 4056
4.448750 4057
4.450000 4058
4.451250 4059
4.452500 4060
4.453750 4061
4.455000 4062
4.456250 4063
4.457500 4064
4.458750 4065
4.460000 4066
4.461250 4067
4.462500 4068
4.463750 4069
4.465000 4070
4.466250 4071
4.467500 4072
4.468750 4073
4.470000 4074
4.471250 4075
4.472500 4076
4.473750 4077
4.475000 4078
4.476250 4079
4.477500 4080
4.478750 4081
4.480000 4082
4.481250 4083
4.482500 4084
4.483750 4085
4.485000 4086
4.486250 4087
4.487500 4088
4.488750 4089
4.490000 4090
4.491250 4091
4.492500 4092
4.493750 4093
4.495000 4094
4.496250 4095
4.497500 4095
4.498750 4095
4.500000 4095
4.501250 4095
4.502500 4095
4.503750 4095
4.505000 4095
4.506250 4095
4.507500 4095
4.508750 4095
4.510000 4095
4.511250 4095
4.512500 4095
4.513750 4095
4.515000 4095
4.516250 4095
4.517500 4095
4.518750 4095
4.520000 4095
4.521250 4095
4.522500 4095
4.523750 4095
4.525000 4095
4.526250 4095
4.527500 4095
4.528750 4095
4.530000 4095
4.531250 4095
4.532500 4095
4.533750 4095
4.535000 4095
4.536250 4095
4.537500 4095
4.538750 4095
4.540000 4095
4.541250 4095
4.542500 4095
4.543750 4095
4.545000 4095
4.546250 4095
4.547500 4095
4.548750 4095
4.550000 4095
4.551250 4095
4.552500 4095
4.553750 4095
4.555000 4095
4.556250 4095
4.557500 4095
4.558750 4095
4.560000 4095
4.561250 4095
4.562500 4095
4.563750 4095
4.565000 4095
4.566250 4095
4.567500 4095
4.568750 4095
4.570000 4095
4.571250 4095
4.572500 4095
4.573750 4095
4.575000 4095
4.576250 4095
4.577500 4095
4.578750 4095
4.580000 4095
4.581250 4095
4.582500 4095
4.583750 4095
4.585000 4095
4.586250 4095
4.587500 4095
4.588750 4095
4.590000 4095
4.591250 4095
4.592500 4095
4.593750 4095
4.595000 4095
4.596250 4095
4.597500 4095
4.598750 4095
4.600000 4095
4.601250 4095
4.602500 4095
4.603750 4095
4.605000 4095
4.606250 4095
4.607500 4095
4.608750 4095
4.610000 4095
4.611250 4095
4.612500 4095
4.613750 4095
4.615000 4095
4.616250 4095
4.617500 4095
4.618750 4095
4.620000 4095
4.621250 4095
4.622500 4095
4.623750 4095
4.625000 4095
4.626250 4095
4.627500 4095
4.628750 4095
4.630000 4095
4.631250 4095
4.632500 4095
4.633750 4095
4.635000 4095
4.636250 4095
4.637500 4095
4.638750 4095
4.640000 4095
4.641250 4095
4.642500 4095
4.643750 4095
4.645000 4095
4.646250 4095
4.647500 4095
4.648750 4095
4.650000 4095
4.651250 4095
4.652500 4095
4.653750 4095
4.655000 4095
4.656250 4095
4.657500 4095
4.658750 4095
4.660000 4095
4.661250 4095
4.662500 4095
4.663750 4095
4.665000 4095
4.666250 4095
4.667500 4095
4.668750 4095
4.670000 4095
4.671250 4095
4.672500 4095
4.673750 4095
4.675000 4095
4.676250 4095
4.677500 4095
4.678750 4095
4.680000 4095
4.681250 4095
4.682500 4095
4.683750 4095
4.685000 4095
4.686250 4095
4.687500 4095
4.688750 4095
4.690000 4095
4.691250 4095
4.692500 4095
4.693750 4095
4.695000 4095
4.696250 4095
4.697500 4095
4.698750 4095
4.700000 4095
4.701250 4095
4.702500 4095
4.703750 4095
4.705000 4095
4.706250 4095
4.707500 4095
4.708750 4095
4.710000 4095
4.711250 4095
4.712500 4095
4.713750 4095
4.715000 4095
4.716250 4095
4.717500 4095
4.718750 4095
4.720000 4095
4.721250 4095
4.722500 4095
4.723750 4095
4.725000 4095
4.726250 4095
4.727500 4095
4.728750 4095
4.730000 4095
4.731250 4095
4.732500 4095
4.733750 4095
4.735000 4095
4.736250 4095
4.737500 4095
4.738750 4095
4.740000 4095
4.741250 4095
4.742500 4095
4.743750 4095
4.745000 4095
4.746250 4095
4.747500 4095
4.748750 4095
4.750000 4095
4.751250 4095
4.752500 4095
4.753750 4095
4.755000 4095
4.756250 4095
4.757500 4095
4.758750 4095
4.760000 4095
4.761250 4095
4.762500 4095
4.763750 4095
4.765000 4095
4.766250 4095
4.767500 4095
4.768750 4095
4.770000 4095
4.771250 4095
4.772500 4095
4.773750 4095
4.775000 4095
4.776250 4095
4.777500 4095
4.778750 4095
4.780000 4095
4.781250 4095
4.782500 4095
4.783750 4095
4.785000 4095
4.786250 4095
4.787500 4095
4.788750 4095
4.790000 4095
4.791250 4095
4.792500 4095
4.793750 4095
4.795000 4095
4.796250 4095
4.797500 4095
4.798750 4095
4.800000 4095
4.801250 4095
4.802500 4095
4.803750 4095
4.805000 4095
4.806250 4095
4.807500 4095
4.808750 4095
4.810000 4095
4.811250 4095
4.812500 4095
4.813750 4095
4.815000 4095
4.816250 4095
4.817500 4095
4.818750 4095
4.820000 4095
4.821250 4095
4.822500 4095
4.823750 4095
4.825000 4095
4.826250 4095
4.827500 4095
4.828750 4095
4.830000 4095
4.831250 4095
4.832500 4095
4.833750 4095
4.835000 4095
4.836250 4095
4.837500 4095
4.838750 4095
4.840000 4095
4.841250 4095
4.842500 4095
4.843750 4095
4.845000 4095
4.846250 4095
4.847500 4095
4.848750 4095
4.850000 4095
4.851250 4095
4.852500 4095
4.853750 4095
4.855000 4095
4.856250 4095
4.857500 4095
4.858750 4095
4.860000 4095
4.861250 4095
4.862500 4095
4.863750 4095
4.865000 4095
4.866250 4095
4.867500 4095
4.868750 4095
4.870000 4095
4.871250 4095
4.872500 4095
4.873750 4095
4.875000 4095
4.876250 4095
4.877500 4095
4.878750 4095
4.880000 4095
4.881250 4095
4.882500 4095
4.883750 4095
4.885000 4095
4.886250 4095
4.887500 4095
4.888750 4095
4.890000 4095
4.891250 4095
4.892500 4095
4.893750 4095
4.895000 4095
4.896250 4095
4.897500 4095
4.898750 4095
